0
[1, 10]
7708
[1, 10]
7753
[1, 10]
7736
[1, 10]
7660
[1, 10]
7587
[1, 10]
7666
[1, 10]
7662
[1, 10]
7757
[1, 10]
7577
[1, 10]
7596
[1, 10]
7516
[1, 10]
7704
[1, 10]
7724
[1, 10]
7622
[1, 10]
7703
[1, 10]
7795
[1, 10]
7656
[1, 10]
7779
[1, 10]
7685
[1, 10]
7779
[1, 10]
7741
[1, 10]
7692
[1, 10]
7576
[1, 10]
7829
[1, 10]
7602
[1, 10]
7628
[1, 10]
7752
[1, 10]
7758
[1, 10]
7601
[1, 10]
7758
[1, 10]
7710
[1, 10]
7673
[1, 10]
7553
[1, 10]
7652
[1, 10]
7811
[1, 10]
7700
[1, 10]
7751
[1, 10]
7587
[1, 10]
7783
[1, 10]
7829
[1, 10]
7545
[1, 10]
7590
[1, 10]
7651
[1, 10]
7578
[1, 10]
7578
[1, 10]
7725
1
[1, 10]
7810
[1, 10]
7998
[1, 10]
7915
[1, 10]
7681
[1, 10]
7952
[1, 10]
7853
[1, 10]
7893
[1, 10]
7884
[1, 10]
7875
[1, 10]
7818
[1, 10]
7751
[1, 10]
7956
[1, 10]
7873
[1, 10]
7925
[1, 10]
7808
[1, 10]
7916
[1, 10]
7828
[1, 10]
7772
[1, 10]
7833
[1, 10]
7901
[1, 10]
7958
[1, 10]
7847
[1, 10]
7986
[1, 10]
7777
[1, 10]
7724
[1, 10]
7606
[1, 10]
7869
[1, 10]
7732
[1, 10]
7858
[1, 10]
7778
[1, 10]
7861
[1, 10]
7782
[1, 10]
7718
[1, 10]
7778
[1, 10]
7952
[1, 10]
7830
[1, 10]
7812
[1, 10]
7958
[1, 10]
7817
[1, 10]
7912
[1, 10]
7745
[1, 10]
7849
[1, 10]
7884
[1, 10]
7783
[1, 10]
7702
[1, 10]
7707
[1, 10]
7880
[1, 10]
7887
[1, 10]
7863
[1, 10]
7790
[1, 10]
7903
[1, 10]
7838
[1, 10]
7757
[1, 10]
7812
[1, 10]
7888
[1, 10]
7778
[1, 10]
8034
[1, 10]
7769
[1, 10]
7955
[1, 10]
7848
[1, 10]
8128
[1, 10]
7921
[1, 10]
7860
[1, 10]
7865
[1, 10]
8002
[1, 10]
7882
[1, 10]
7996
