0
[1, 10]
7522
[1, 10]
7534
[1, 10]
7639
[1, 10]
7710
[1, 10]
7691
[1, 10]
7796
[1, 10]
7811
[1, 10]
7668
[1, 10]
7717
[1, 10]
7563
[1, 10]
7741
[1, 10]
7786
[1, 10]
7727
[1, 10]
7573
[1, 10]
7664
[1, 10]
7520
[1, 10]
7695
[1, 10]
7546
[1, 10]
7727
[1, 10]
7741
[1, 10]
7791
[1, 10]
7717
[1, 10]
7699
[1, 10]
7700
[1, 10]
7569
[1, 10]
7654
[1, 10]
7669
[1, 10]
7621
[1, 10]
7700
[1, 10]
7682
[1, 10]
7554
1
[1, 10]
7856
[1, 10]
7810
[1, 10]
7836
[1, 10]
7835
[1, 10]
7858
[1, 10]
7879
[1, 10]
7639
[1, 10]
7899
[1, 10]
8008
[1, 10]
7701
[1, 10]
7914
[1, 10]
7835
[1, 10]
7784
[1, 10]
7737
[1, 10]
7814
[1, 10]
7975
[1, 10]
7841
[1, 10]
7772
[1, 10]
8027
[1, 10]
7821
[1, 10]
7992
[1, 10]
7830
[1, 10]
7923
[1, 10]
7717
[1, 10]
7748
[1, 10]
7749
[1, 10]
7799
[1, 10]
7753
[1, 10]
7818
[1, 10]
7956
[1, 10]
7941
[1, 10]
7809
[1, 10]
8030
[1, 10]
7856
[1, 10]
7777
[1, 10]
7824
[1, 10]
7817
[1, 10]
7775
