0
[1, 10]
7776
[1, 10]
7624
[1, 10]
7541
[1, 10]
7610
[1, 10]
7632
[1, 10]
7675
[1, 10]
7640
[1, 10]
7576
[1, 10]
7508
[1, 10]
7643
[1, 10]
7591
[1, 10]
7749
[1, 10]
7486
[1, 10]
7685
[1, 10]
7596
[1, 10]
7631
[1, 10]
7581
[1, 10]
7557
[1, 10]
7700
[1, 10]
7766
[1, 10]
7533
[1, 10]
7548
[1, 10]
7536
[1, 10]
7619
[1, 10]
7789
[1, 10]
7555
[1, 10]
7747
1
[1, 10]
7955
[1, 10]
7624
[1, 10]
7665
[1, 10]
7839
[1, 10]
7920
[1, 10]
7768
[1, 10]
7803
[1, 10]
7924
[1, 10]
8084
[1, 10]
7868
[1, 10]
7825
[1, 10]
7805
[1, 10]
7858
[1, 10]
7722
[1, 10]
7975
[1, 10]
7799
[1, 10]
7926
[1, 10]
7873
[1, 10]
7784
[1, 10]
7781
[1, 10]
7877
[1, 10]
7969
[1, 10]
7983
[1, 10]
7972
[1, 10]
7828
[1, 10]
7942
[1, 10]
7799
[1, 10]
7771
[1, 10]
7743
[1, 10]
7874
[1, 10]
7863
[1, 10]
7787
[1, 10]
8053
[1, 10]
7692
[1, 10]
7940
[1, 10]
7856
[1, 10]
7834
[1, 10]
7770
[1, 10]
7767
[1, 10]
7708
[1, 10]
7928
[1, 10]
7898
[1, 10]
7878
[1, 10]
7980
[1, 10]
7813
[1, 10]
7753
[1, 10]
7782
[1, 10]
7769
[1, 10]
7829
[1, 10]
7665
[1, 10]
7895
[1, 10]
7777
[1, 10]
7818
[1, 10]
7874
[1, 10]
7909
[1, 10]
7982
[1, 10]
7913
[1, 10]
7904
[1, 10]
7842
[1, 10]
7930
[1, 10]
7931
[1, 10]
7764
[1, 10]
7806
[1, 10]
7740
[1, 10]
7924
