0
[1, 10]
7652
[1, 10]
7643
[1, 10]
7689
[1, 10]
7629
[1, 10]
7548
[1, 10]
7697
[1, 10]
7720
[1, 10]
7793
[1, 10]
7472
[1, 10]
7556
[1, 10]
7568
[1, 10]
7661
[1, 10]
7722
[1, 10]
7778
[1, 10]
7592
[1, 10]
7646
[1, 10]
7686
[1, 10]
7645
[1, 10]
7555
[1, 10]
7740
[1, 10]
7649
[1, 10]
7698
[1, 10]
7623
[1, 10]
7750
[1, 10]
7772
[1, 10]
7760
1
[1, 10]
7858
[1, 10]
7811
[1, 10]
7722
[1, 10]
7907
[1, 10]
7924
[1, 10]
7982
[1, 10]
7891
[1, 10]
7841
[1, 10]
7687
[1, 10]
7786
[1, 10]
7790
[1, 10]
7800
[1, 10]
7832
[1, 10]
7914
[1, 10]
7775
[1, 10]
8004
[1, 10]
7895
[1, 10]
7933
[1, 10]
7808
[1, 10]
7834
[1, 10]
7907
[1, 10]
7673
[1, 10]
7773
[1, 10]
7848
[1, 10]
7717
[1, 10]
7822
[1, 10]
7834
[1, 10]
7775
[1, 10]
7583
[1, 10]
7959
[1, 10]
7709
[1, 10]
7847
[1, 10]
7749
[1, 10]
7748
[1, 10]
8006
[1, 10]
7869
[1, 10]
7806
[1, 10]
7845
[1, 10]
7843
[1, 10]
7920
[1, 10]
7827
[1, 10]
7751
