0
[1, 10]
7610
[1, 10]
7574
[1, 10]
7641
[1, 10]
7769
[1, 10]
7619
[1, 10]
7692
[1, 10]
7706
[1, 10]
7641
[1, 10]
7807
[1, 10]
7601
[1, 10]
7713
[1, 10]
7602
[1, 10]
7724
[1, 10]
7727
[1, 10]
7733
[1, 10]
7677
[1, 10]
7728
[1, 10]
7716
[1, 10]
7645
[1, 10]
7763
[1, 10]
7722
[1, 10]
7573
[1, 10]
7582
[1, 10]
7682
[1, 10]
7653
[1, 10]
7614
[1, 10]
7606
[1, 10]
7587
[1, 10]
7505
[1, 10]
7615
[1, 10]
7666
[1, 10]
7663
[1, 10]
7503
[1, 10]
7481
[1, 10]
7584
[1, 10]
7731
[1, 10]
7615
[1, 10]
7473
[1, 10]
7530
[1, 10]
7627
[1, 10]
7678
[1, 10]
7671
[1, 10]
7603
[1, 10]
7519
[1, 10]
7710
[1, 10]
7717
[1, 10]
7614
1
[1, 10]
7790
[1, 10]
7732
[1, 10]
7764
[1, 10]
7919
[1, 10]
7882
[1, 10]
7792
[1, 10]
7943
[1, 10]
7732
[1, 10]
7720
[1, 10]
7770
[1, 10]
7783
[1, 10]
7699
[1, 10]
7897
[1, 10]
7989
[1, 10]
7867
[1, 10]
7902
[1, 10]
7646
[1, 10]
7877
[1, 10]
7786
[1, 10]
7804
[1, 10]
7847
[1, 10]
7877
[1, 10]
7814
[1, 10]
7758
[1, 10]
7671
[1, 10]
7959
[1, 10]
7999
[1, 10]
7854
[1, 10]
7656
[1, 10]
7590
[1, 10]
7918
[1, 10]
7892
[1, 10]
7757
[1, 10]
7969
[1, 10]
7999
[1, 10]
7943
[1, 10]
7894
[1, 10]
7823
[1, 10]
7817
[1, 10]
7748
[1, 10]
7973
[1, 10]
7913
[1, 10]
7943
[1, 10]
7803
[1, 10]
7890
[1, 10]
7886
[1, 10]
7973
[1, 10]
7956
[1, 10]
8009
[1, 10]
7807
[1, 10]
7914
[1, 10]
7747
[1, 10]
7743
[1, 10]
8033
[1, 10]
7819
[1, 10]
7892
[1, 10]
7764
[1, 10]
7916
[1, 10]
7846
[1, 10]
7784
[1, 10]
7821
[1, 10]
7858
[1, 10]
7762
[1, 10]
7875
[1, 10]
8049
[1, 10]
7932
[1, 10]
7760
[1, 10]
7778
[1, 10]
7875
[1, 10]
7881
[1, 10]
7802
[1, 10]
7800
[1, 10]
7790
[1, 10]
7743
[1, 10]
7853
[1, 10]
7886
[1, 10]
7797
[1, 10]
7812
[1, 10]
7862
[1, 10]
7833
[1, 10]
7793
[1, 10]
7820
[1, 10]
7719
[1, 10]
7881
