0
[1, 10]
7787
[1, 10]
7593
[1, 10]
7648
[1, 10]
7539
[1, 10]
7691
[1, 10]
7646
[1, 10]
7700
[1, 10]
7513
[1, 10]
7681
[1, 10]
7729
[1, 10]
7803
[1, 10]
7598
[1, 10]
7722
[1, 10]
7681
[1, 10]
7604
[1, 10]
7631
[1, 10]
7775
[1, 10]
7633
[1, 10]
7904
[1, 10]
7604
[1, 10]
7568
[1, 10]
7718
[1, 10]
7391
[1, 10]
7549
[1, 10]
7683
[1, 10]
7652
[1, 10]
7689
[1, 10]
7472
[1, 10]
7501
[1, 10]
7794
[1, 10]
7553
[1, 10]
7746
[1, 10]
7840
[1, 10]
7611
[1, 10]
7635
[1, 10]
7509
[1, 10]
7564
[1, 10]
7651
1
[1, 10]
7758
[1, 10]
7821
[1, 10]
7801
[1, 10]
7837
[1, 10]
7817
[1, 10]
7753
[1, 10]
7979
[1, 10]
7842
[1, 10]
7949
[1, 10]
7758
[1, 10]
7934
[1, 10]
7740
[1, 10]
7826
[1, 10]
7903
[1, 10]
7860
[1, 10]
7907
[1, 10]
7899
[1, 10]
7737
[1, 10]
7858
[1, 10]
7657
[1, 10]
7838
[1, 10]
7910
[1, 10]
7832
[1, 10]
7937
[1, 10]
7717
[1, 10]
7763
[1, 10]
7906
[1, 10]
7920
[1, 10]
7898
[1, 10]
7911
[1, 10]
7870
[1, 10]
7836
[1, 10]
7822
[1, 10]
7709
[1, 10]
7897
[1, 10]
7771
[1, 10]
7889
[1, 10]
7714
[1, 10]
7910
[1, 10]
7936
[1, 10]
7861
[1, 10]
7868
[1, 10]
7931
[1, 10]
7859
[1, 10]
7698
[1, 10]
7818
[1, 10]
7720
[1, 10]
7681
[1, 10]
7856
[1, 10]
7920
[1, 10]
7930
[1, 10]
7918
[1, 10]
7793
[1, 10]
7712
[1, 10]
7897
[1, 10]
7868
[1, 10]
7940
[1, 10]
7945
