0
[1, 10]
7595
[1, 10]
7533
[1, 10]
7629
[1, 10]
7582
[1, 10]
7779
[1, 10]
7697
[1, 10]
7568
[1, 10]
7801
[1, 10]
7829
[1, 10]
7505
[1, 10]
7780
[1, 10]
7684
[1, 10]
7646
[1, 10]
7657
[1, 10]
7759
[1, 10]
7731
[1, 10]
7540
[1, 10]
7774
[1, 10]
7619
[1, 10]
7648
[1, 10]
7590
[1, 10]
7744
[1, 10]
7715
[1, 10]
7695
[1, 10]
7600
[1, 10]
7648
[1, 10]
7693
[1, 10]
7729
[1, 10]
7709
[1, 10]
7537
[1, 10]
7764
[1, 10]
7780
[1, 10]
7595
[1, 10]
7503
[1, 10]
7682
1
[1, 10]
7831
[1, 10]
7816
[1, 10]
7837
[1, 10]
7691
[1, 10]
7818
[1, 10]
7988
[1, 10]
7688
[1, 10]
7755
[1, 10]
8040
[1, 10]
7950
[1, 10]
7892
[1, 10]
7817
[1, 10]
7886
[1, 10]
7755
[1, 10]
7851
[1, 10]
7754
[1, 10]
7751
[1, 10]
7849
[1, 10]
7785
[1, 10]
7863
[1, 10]
7936
[1, 10]
7794
[1, 10]
7813
[1, 10]
7811
[1, 10]
7896
[1, 10]
7791
[1, 10]
7721
[1, 10]
7895
[1, 10]
7883
[1, 10]
7715
[1, 10]
7801
[1, 10]
7865
[1, 10]
7864
[1, 10]
7875
[1, 10]
7796
[1, 10]
7786
[1, 10]
8000
[1, 10]
7788
[1, 10]
7732
[1, 10]
7839
[1, 10]
7815
[1, 10]
7789
[1, 10]
7929
[1, 10]
7911
[1, 10]
7741
[1, 10]
7856
[1, 10]
7932
[1, 10]
7842
[1, 10]
7874
