0
[1, 10]
7582
[1, 10]
7669
[1, 10]
7654
[1, 10]
7566
[1, 10]
7630
[1, 10]
7659
[1, 10]
7625
[1, 10]
7668
[1, 10]
7810
[1, 10]
7560
[1, 10]
7717
[1, 10]
7776
[1, 10]
7759
[1, 10]
7594
[1, 10]
7648
[1, 10]
7469
[1, 10]
7502
[1, 10]
7573
[1, 10]
7562
[1, 10]
7675
[1, 10]
7687
[1, 10]
7701
[1, 10]
7595
[1, 10]
7547
[1, 10]
7554
1
[1, 10]
7705
[1, 10]
7892
[1, 10]
7930
[1, 10]
7877
[1, 10]
7779
[1, 10]
7801
[1, 10]
7840
[1, 10]
7736
[1, 10]
7987
[1, 10]
7757
[1, 10]
7810
[1, 10]
7848
[1, 10]
7850
[1, 10]
7962
[1, 10]
7858
[1, 10]
7670
[1, 10]
7800
[1, 10]
7748
[1, 10]
7856
[1, 10]
7977
[1, 10]
7850
[1, 10]
7866
[1, 10]
7860
[1, 10]
7772
[1, 10]
7933
[1, 10]
7913
[1, 10]
7898
[1, 10]
7998
[1, 10]
7784
[1, 10]
7980
[1, 10]
7821
[1, 10]
7779
[1, 10]
7725
[1, 10]
7708
[1, 10]
7808
[1, 10]
7943
[1, 10]
7838
[1, 10]
7832
[1, 10]
7859
[1, 10]
7765
[1, 10]
7639
[1, 10]
7775
[1, 10]
7941
[1, 10]
7931
[1, 10]
7968
[1, 10]
7610
