0
[1, 10]
7478
[1, 10]
7594
[1, 10]
7468
[1, 10]
7717
[1, 10]
7669
[1, 10]
7616
[1, 10]
7529
[1, 10]
7847
[1, 10]
7601
[1, 10]
7661
[1, 10]
7587
[1, 10]
7619
[1, 10]
7704
[1, 10]
7455
[1, 10]
7657
[1, 10]
7744
[1, 10]
7770
[1, 10]
7565
[1, 10]
7704
[1, 10]
7722
[1, 10]
7602
[1, 10]
7750
[1, 10]
7663
[1, 10]
7605
[1, 10]
7584
[1, 10]
7617
[1, 10]
7574
[1, 10]
7578
[1, 10]
7694
[1, 10]
7505
[1, 10]
7841
[1, 10]
7664
[1, 10]
7543
[1, 10]
7945
[1, 10]
7624
[1, 10]
7560
[1, 10]
7897
1
[1, 10]
8074
[1, 10]
7921
[1, 10]
7864
[1, 10]
7917
[1, 10]
7930
[1, 10]
7895
[1, 10]
7845
[1, 10]
7791
[1, 10]
8030
[1, 10]
7964
[1, 10]
7804
[1, 10]
7974
[1, 10]
7835
[1, 10]
7804
[1, 10]
7722
[1, 10]
7847
[1, 10]
7858
[1, 10]
7746
[1, 10]
7830
[1, 10]
7921
[1, 10]
7901
[1, 10]
7908
[1, 10]
7885
[1, 10]
7875
[1, 10]
7938
[1, 10]
7845
[1, 10]
7780
[1, 10]
7909
[1, 10]
7824
[1, 10]
7834
[1, 10]
7754
[1, 10]
7856
[1, 10]
7840
[1, 10]
7789
[1, 10]
7858
[1, 10]
7784
[1, 10]
7734
[1, 10]
7791
[1, 10]
7868
[1, 10]
7900
[1, 10]
7891
[1, 10]
7734
[1, 10]
7830
[1, 10]
7798
[1, 10]
7999
