0
[1, 10]
7701
[1, 10]
7723
[1, 10]
7736
[1, 10]
7610
[1, 10]
7692
[1, 10]
7692
[1, 10]
7704
[1, 10]
7738
[1, 10]
7632
[1, 10]
7604
[1, 10]
7645
[1, 10]
7678
[1, 10]
7578
[1, 10]
7665
[1, 10]
7571
[1, 10]
7712
[1, 10]
7685
[1, 10]
7862
[1, 10]
7493
[1, 10]
7777
[1, 10]
7675
[1, 10]
7563
[1, 10]
7542
[1, 10]
7767
[1, 10]
7611
[1, 10]
7659
[1, 10]
7566
[1, 10]
7798
[1, 10]
7731
1
[1, 10]
7775
[1, 10]
7807
[1, 10]
7757
[1, 10]
7843
[1, 10]
8067
[1, 10]
7900
[1, 10]
7777
[1, 10]
7772
[1, 10]
7876
[1, 10]
7598
[1, 10]
7812
[1, 10]
7756
[1, 10]
7787
[1, 10]
7881
[1, 10]
7803
[1, 10]
7719
[1, 10]
7994
[1, 10]
8117
[1, 10]
7777
[1, 10]
7786
[1, 10]
7666
[1, 10]
7817
[1, 10]
7783
[1, 10]
7815
[1, 10]
7897
[1, 10]
7801
[1, 10]
7902
[1, 10]
7871
[1, 10]
7774
[1, 10]
7793
[1, 10]
7823
[1, 10]
7961
[1, 10]
7786
[1, 10]
7720
[1, 10]
7776
[1, 10]
7770
[1, 10]
7871
[1, 10]
7792
[1, 10]
7826
[1, 10]
7824
[1, 10]
7926
[1, 10]
7926
[1, 10]
7730
[1, 10]
7878
[1, 10]
7724
[1, 10]
7938
[1, 10]
8015
[1, 10]
7839
[1, 10]
7943
[1, 10]
8001
[1, 10]
7749
[1, 10]
7974
[1, 10]
7826
[1, 10]
7806
[1, 10]
7715
[1, 10]
7769
[1, 10]
7808
[1, 10]
7621
[1, 10]
7822
