0
[1, 10]
7646
[1, 10]
7677
[1, 10]
7543
[1, 10]
7765
[1, 10]
7578
[1, 10]
7675
[1, 10]
7494
[1, 10]
7833
[1, 10]
7505
[1, 10]
7625
[1, 10]
7765
[1, 10]
7627
[1, 10]
7595
[1, 10]
7791
[1, 10]
7687
[1, 10]
7545
[1, 10]
7672
[1, 10]
7480
[1, 10]
7559
[1, 10]
7585
[1, 10]
7582
[1, 10]
7658
[1, 10]
7657
[1, 10]
7561
[1, 10]
7670
[1, 10]
7524
[1, 10]
7643
[1, 10]
7533
[1, 10]
7738
1
[1, 10]
7816
[1, 10]
7830
[1, 10]
7776
[1, 10]
7793
[1, 10]
7976
[1, 10]
7991
[1, 10]
7768
[1, 10]
7619
[1, 10]
8024
[1, 10]
7820
[1, 10]
7933
[1, 10]
7785
[1, 10]
7744
[1, 10]
7786
[1, 10]
7838
[1, 10]
7808
[1, 10]
7707
[1, 10]
7873
[1, 10]
7786
[1, 10]
8007
[1, 10]
7814
[1, 10]
7945
[1, 10]
7899
[1, 10]
7764
[1, 10]
7911
[1, 10]
7792
[1, 10]
7866
[1, 10]
8002
[1, 10]
7788
[1, 10]
7987
[1, 10]
7761
[1, 10]
7972
[1, 10]
7787
[1, 10]
7849
[1, 10]
7950
[1, 10]
7936
[1, 10]
7919
[1, 10]
7795
[1, 10]
7849
[1, 10]
7797
[1, 10]
7662
[1, 10]
7720
[1, 10]
7814
[1, 10]
7999
[1, 10]
7853
[1, 10]
7795
[1, 10]
7852
[1, 10]
7840
[1, 10]
7688
[1, 10]
7721
[1, 10]
7810
[1, 10]
7926
[1, 10]
7934
[1, 10]
8058
[1, 10]
7934
[1, 10]
7792
[1, 10]
7900
[1, 10]
7959
[1, 10]
7828
[1, 10]
7934
[1, 10]
7852
[1, 10]
7951
[1, 10]
7719
[1, 10]
8033
[1, 10]
7936
[1, 10]
7722
[1, 10]
7678
[1, 10]
7746
[1, 10]
7728
[1, 10]
7661
[1, 10]
7925
[1, 10]
7785
[1, 10]
7736
[1, 10]
7736
[1, 10]
7863
[1, 10]
7900
[1, 10]
7818
[1, 10]
7880
[1, 10]
7835
[1, 10]
7821
[1, 10]
7712
[1, 10]
7931
[1, 10]
7975
[1, 10]
7879
[1, 10]
7878
[1, 10]
8105
[1, 10]
7872
[1, 10]
7955
[1, 10]
7951
[1, 10]
7773
[1, 10]
7844
[1, 10]
7792
[1, 10]
7699
[1, 10]
7853
[1, 10]
7795
[1, 10]
7872
