8610
5395
13221
10226
14250
9401
8697
563
5030
4736
10673
24631
27925
14895
8532
7869
14651
24566
4868
31680
12004
9976
27181
21452
2760
21539
692
12607
9141
17170
31934
16083
18117
24882
15197
28513
20125
15564
30567
8791
10274
26829
6844
24277
3936
31293
22912
26682
24142
26543
8170
20775
179
2138
27023
17677
2207
13575
26856
30523
23951
29201
27545
6012
29829
30147
32277
11141
10921
21139
12535
16553
21488
24115
6510
2259
25973
27246
28418
7650
3127
31271
17105
25553
25359
30060
12552
5467
15468
26679
1939
18140
16152
17026
26718
30956
25039
6833
6667
1879
