population in sample
0	0	0	1

generation in sample
0.0	3920.0	4920.0	5620.0

expected_linearlized_fst_array
0.0	0.49	0.615	0.7775	0.49	0.0	0.125	0.2875	0.615	0.125	0.0	0.1625	0.7775	0.2875	0.1625	0.0	

mean_linearlized_fst_array
0.0	0.5138583037559774	0.6585037622730755	0.82952592796386	0.5138583037559774	0.0	0.12871388616751173	0.30312211460152233	0.6585037622730755	0.12871388616751173	0.0	0.17390156109370386	0.82952592796386	0.30312211460152233	0.17390156109370386	0.0

median_linearlized_fst_array
0.0	0.47345788072745865	0.6144277919726782	0.7746276732076776	0.47345788072745865	0.0	0.10862412029407303	0.2517259727664747	0.6144277919726782	0.10862412029407303	0.0	0.14089559229440732	0.7746276732076776	0.2517259727664747	0.14089559229440732	0.0

std_linearlized_fst_array
0.0	0.2262718410216277	0.2806592154313503	0.33970169350843193	0.2262718410216277	0.0	0.07891259367483823	0.17310279067524648	0.2806592154313503	0.07891259367483823	0.0	0.11905812497309143	0.33970169350843193	0.17310279067524648	0.11905812497309143	0.0

linearlized_fst_array
0.0	0.48898345697412043	0.5458249350340373	0.6395726952539328	0.48898345697412043	0.0	0.09270585017524421	0.14702455547505286	0.5458249350340373	0.09270585017524421	0.0	0.06750792089124068	0.6395726952539328	0.14702455547505286	0.06750792089124068	0.0
0.0	0.5358155316226646	0.6592956780364292	0.9005854324565227	0.5358155316226646	0.0	0.06564149815475236	0.17077150586717424	0.6592956780364292	0.06564149815475236	0.0	0.08269033656259404	0.9005854324565227	0.17077150586717424	0.08269033656259404	0.0
0.0	0.36518041090148345	0.3810101961990352	0.5925072708927339	0.36518041090148345	0.0	0.2633774636748285	0.5034280038858542	0.3810101961990352	0.2633774636748285	0.0	0.13688692914619618	0.5925072708927339	0.5034280038858542	0.13688692914619618	0.0
0.0	0.6443488506400623	0.912064653768035	0.7573497795654884	0.6443488506400623	0.0	0.07618659028986831	0.25066541134939346	0.912064653768035	0.07618659028986831	0.0	0.3984738860650951	0.7573497795654884	0.25066541134939346	0.3984738860650951	0.0
0.0	1.0561318966844808	1.0673868322259803	1.5321279959926077	1.0561318966844808	0.0	0.1166535536251795	0.3140147946248354	1.0673868322259803	0.1166535536251795	0.0	0.11322865960357724	1.5321279959926077	0.3140147946248354	0.11322865960357724	0.0
0.0	0.3582770930956333	0.4417402325074932	0.7831218185614355	0.3582770930956333	0.0	0.10926528645386831	0.6183222058694057	0.4417402325074932	0.10926528645386831	0.0	0.3923462373994091	0.7831218185614355	0.6183222058694057	0.3923462373994091	0.0
0.0	0.445648635566134	0.462113199994361	0.6390409325973881	0.445648635566134	0.0	0.086191297339858	0.14714359962768228	0.462113199994361	0.086191297339858	0.0	0.08713522016446303	0.6390409325973881	0.14714359962768228	0.08713522016446303	0.0
0.0	0.7829197229236975	0.8846535348240265	0.9123533043090506	0.7829197229236975	0.0	0.13841174965813044	0.1627690213479562	0.8846535348240265	0.13841174965813044	0.0	0.05364805190867191	0.9123533043090506	0.1627690213479562	0.05364805190867191	0.0
0.0	0.42024891716635937	0.6127340411482977	0.6388184689992092	0.42024891716635937	0.0	0.1288315676532009	0.1497837983456791	0.6127340411482977	0.1288315676532009	0.0	0.08246086024277637	0.6388184689992092	0.1497837983456791	0.08246086024277637	0.0
0.0	0.6822418156337825	0.9346740615442649	1.1380575055595241	0.6822418156337825	0.0	0.14987580030298492	0.27506520503987536	0.9346740615442649	0.14987580030298492	0.0	0.09115442393822201	1.1380575055595241	0.27506520503987536	0.09115442393822201	0.0
0.0	0.6362655912015192	0.6638024737717088	0.8680474788190825	0.6362655912015192	0.0	0.06566840805748105	0.2497874742618836	0.6638024737717088	0.06566840805748105	0.0	0.18976808655187632	0.8680474788190825	0.2497874742618836	0.18976808655187632	0.0
0.0	0.8248519595636808	1.1045208217847093	1.045580928298769	0.8248519595636808	0.0	0.06250418156297831	0.21057438948489782	1.1045208217847093	0.06250418156297831	0.0	0.16093937455440493	1.045580928298769	0.21057438948489782	0.16093937455440493	0.0
0.0	0.5187402609040817	0.6048545634026481	0.8673674517843086	0.5187402609040817	0.0	0.09560400409259731	0.606847735670568	0.6048545634026481	0.09560400409259731	0.0	0.523684820015695	0.8673674517843086	0.606847735670568	0.523684820015695	0.0
0.0	0.3954426712084889	0.5315367581722175	0.6906926166456497	0.3954426712084889	0.0	0.10798295413427778	0.2688466913979716	0.5315367581722175	0.10798295413427778	0.0	0.21741434496219755	0.6906926166456497	0.2688466913979716	0.21741434496219755	0.0
0.0	0.4078836057092854	0.5794353399463403	0.9025783160010095	0.4078836057092854	0.0	0.16605496042326962	0.5089453107621744	0.5794353399463403	0.16605496042326962	0.0	0.13845846865895434	0.9025783160010095	0.5089453107621744	0.13845846865895434	0.0
0.0	0.6124551216215369	0.8637040914202107	1.1352492326357404	0.6124551216215369	0.0	0.09602213349284576	0.30441269814496635	0.8637040914202107	0.09602213349284576	0.0	0.16454181993101188	1.1352492326357404	0.30441269814496635	0.16454181993101188	0.0
0.0	0.5248475555694615	1.10911117060996	0.752018520345326	0.5248475555694615	0.0	0.20674416540507837	0.21497069394462034	1.10911117060996	0.20674416540507837	0.0	0.20708695128792062	0.752018520345326	0.21497069394462034	0.20708695128792062	0.0
0.0	0.4686757533500018	0.5807501672882549	0.8123192672891788	0.4686757533500018	0.0	0.08100963616406814	0.39016845669708206	0.5807501672882549	0.08100963616406814	0.0	0.37802464057435836	0.8123192672891788	0.39016845669708206	0.37802464057435836	0.0
0.0	0.7114311440546552	0.7675437193490761	0.8196930101557677	0.7114311440546552	0.0	0.029016341436336347	0.2253472135899697	0.7675437193490761	0.029016341436336347	0.0	0.17859458768234815	0.8196930101557677	0.2253472135899697	0.17859458768234815	0.0
0.0	0.3162666119678555	0.5186481768165813	0.991287747593433	0.3162666119678555	0.0	0.13088169774274383	0.5071722342269567	0.5186481768165813	0.13088169774274383	0.0	0.1569135529530759	0.991287747593433	0.5071722342269567	0.1569135529530759	0.0
0.0	0.3163126193399066	0.4383660722284292	0.5602992872296202	0.3163126193399066	0.0	0.09586419290808619	0.16653541185632925	0.4383660722284292	0.09586419290808619	0.0	0.040321576418972965	0.5602992872296202	0.16653541185632925	0.040321576418972965	0.0
0.0	0.30605990260023647	0.45017815005874595	0.478240786366269	0.30605990260023647	0.0	0.054613923680725304	0.1214809686099254	0.45017815005874595	0.054613923680725304	0.0	0.05936737583897203	0.478240786366269	0.1214809686099254	0.05936737583897203	0.0
0.0	0.20228716595682142	0.21608574682079876	0.35489237600742424	0.20228716595682142	0.0	0.13660330595945025	0.18254907965122552	0.21608574682079876	0.13660330595945025	0.0	0.15802295973013858	0.35489237600742424	0.18254907965122552	0.15802295973013858	0.0
0.0	0.2683078303916333	0.31830076046095784	0.6365759428366933	0.2683078303916333	0.0	0.06814330016398039	0.3509422657152186	0.31830076046095784	0.06814330016398039	0.0	0.254786169061519	0.6365759428366933	0.3509422657152186	0.254786169061519	0.0
0.0	0.6119822427662183	0.8638074787496711	0.759160873860887	0.6119822427662183	0.0	0.05235065152210937	0.07965475305011359	0.8638074787496711	0.05235065152210937	0.0	0.04024233945436402	0.759160873860887	0.07965475305011359	0.04024233945436402	0.0
0.0	0.38807781044018225	0.3765907069121303	0.5516265755062865	0.38807781044018225	0.0	0.023796650003833946	0.19548743711886674	0.3765907069121303	0.023796650003833946	0.0	0.12316871860687521	0.5516265755062865	0.19548743711886674	0.12316871860687521	0.0
0.0	0.46093526422287084	0.5771925607186378	0.7378970565500238	0.46093526422287084	0.0	0.07380874096661695	0.2602132981996475	0.5771925607186378	0.07380874096661695	0.0	0.14073035538375875	0.7378970565500238	0.2602132981996475	0.14073035538375875	0.0
0.0	0.22283235479794974	0.33404976834990885	0.33218253077020193	0.22283235479794974	0.0	0.07353356823743101	0.12961296105698145	0.33404976834990885	0.07353356823743101	0.0	0.05044274333293103	0.33218253077020193	0.12961296105698145	0.05044274333293103	0.0
0.0	0.8860927155819652	0.6566953218285232	0.8022599722133265	0.8860927155819652	0.0	0.1596000260134528	0.23305892137039824	0.6566953218285232	0.1596000260134528	0.0	0.04659119210294481	0.8022599722133265	0.23305892137039824	0.04659119210294481	0.0
0.0	0.43093273268423854	0.5406365117391012	0.5311791085154913	0.43093273268423854	0.0	0.037452277005156145	0.14618284927339828	0.5406365117391012	0.037452277005156145	0.0	0.10245196339179795	0.5311791085154913	0.14618284927339828	0.10245196339179795	0.0
0.0	0.42416171782722917	0.4962832164129382	0.6688530054131632	0.42416171782722917	0.0	0.07495872327393582	0.2777838245958484	0.4962832164129382	0.07495872327393582	0.0	0.18204883685014658	0.6688530054131632	0.2777838245958484	0.18204883685014658	0.0
0.0	0.48017892791853284	0.860531250353295	1.1294760842561788	0.48017892791853284	0.0	0.19347395115098567	0.3341646958366966	0.860531250353295	0.19347395115098567	0.0	0.1343134947220476	1.1294760842561788	0.3341646958366966	0.1343134947220476	0.0
0.0	0.28368810426158625	0.5231551586997365	1.84282064643778	0.28368810426158625	0.0	0.22367389546516542	1.3724226720899286	0.5231551586997365	0.22367389546516542	0.0	0.3420425943667936	1.84282064643778	1.3724226720899286	0.3420425943667936	0.0
0.0	0.2747974963621728	0.5036702467369545	0.7024107985104288	0.2747974963621728	0.0	0.10238565290557766	0.33417701509268327	0.5036702467369545	0.10238565290557766	0.0	0.20475357863898333	0.7024107985104288	0.33417701509268327	0.20475357863898333	0.0
0.0	0.5490472312931363	0.7735869027492969	0.9602678425055996	0.5490472312931363	0.0	0.05148453612540708	0.49610175437356946	0.7735869027492969	0.05148453612540708	0.0	0.643494209764516	0.9602678425055996	0.49610175437356946	0.643494209764516	0.0
0.0	0.32193737831090197	0.5593629992101855	1.5685251541288874	0.32193737831090197	0.0	0.14658250618050284	1.1207183723249228	0.5593629992101855	0.14658250618050284	0.0	0.7174387673289662	1.5685251541288874	1.1207183723249228	0.7174387673289662	0.0
0.0	0.9344978887613539	1.090072875858956	1.624509135079446	0.9344978887613539	0.0	0.049922655388898646	0.24908616961843244	1.090072875858956	0.049922655388898646	0.0	0.17959077443424698	1.624509135079446	0.24908616961843244	0.17959077443424698	0.0
0.0	0.523651200496511	0.6419415413635173	1.4366816196808496	0.523651200496511	0.0	0.08502188177132855	0.709704906741999	0.6419415413635173	0.08502188177132855	0.0	0.6713133660007004	1.4366816196808496	0.709704906741999	0.6713133660007004	0.0
0.0	0.28512867912398115	0.35950421703951174	0.5343831516975548	0.28512867912398115	0.0	0.0673711125403516	0.19450379369639442	0.35950421703951174	0.0673711125403516	0.0	0.16935575503693182	0.5343831516975548	0.19450379369639442	0.16935575503693182	0.0
0.0	0.5776439864988719	0.5314141657692958	0.7480698942389644	0.5776439864988719	0.0	0.1668267849914325	0.22675289852696368	0.5314141657692958	0.1668267849914325	0.0	0.1368136163969331	0.7480698942389644	0.22675289852696368	0.1368136163969331	0.0
0.0	0.42519708988796506	0.4685784341360155	0.7979037509269706	0.42519708988796506	0.0	0.23985216219332026	0.41749413277584235	0.4685784341360155	0.23985216219332026	0.0	0.33934842824134576	0.7979037509269706	0.41749413277584235	0.33934842824134576	0.0
0.0	0.4025450651879403	0.4769241523851871	0.6864776399476296	0.4025450651879403	0.0	0.11493245235105871	0.3950392618759355	0.4769241523851871	0.11493245235105871	0.0	0.26319395119337263	0.6864776399476296	0.3950392618759355	0.26319395119337263	0.0
0.0	0.29616226000657825	0.3116416717476158	0.36920229608162286	0.29616226000657825	0.0	0.057663232778746756	0.1511399602550643	0.3116416717476158	0.057663232778746756	0.0	0.04496904764428463	0.36920229608162286	0.1511399602550643	0.04496904764428463	0.0
0.0	0.3020056748736134	0.3274159301736136	0.4448881984727734	0.3020056748736134	0.0	0.20136544179197927	0.30643540748910236	0.3274159301736136	0.20136544179197927	0.0	0.22257452692690927	0.4448881984727734	0.30643540748910236	0.22257452692690927	0.0
0.0	0.9745717353035077	1.6791415543274824	1.4788162506336477	0.9745717353035077	0.0	0.17671745876357844	0.2593694142527114	1.6791415543274824	0.17671745876357844	0.0	0.39668021341922416	1.4788162506336477	0.2593694142527114	0.39668021341922416	0.0
0.0	0.5180609992379293	0.7246268300794709	1.0393801170169268	0.5180609992379293	0.0	0.059822231709921174	0.43371339311552515	0.7246268300794709	0.059822231709921174	0.0	0.4584476649598728	1.0393801170169268	0.43371339311552515	0.4584476649598728	0.0
0.0	0.9622091422430288	0.9347419464681874	0.9080889957102293	0.9622091422430288	0.0	0.0979651148047796	0.24091504886177967	0.9347419464681874	0.0979651148047796	0.0	0.14091823475980111	0.9080889957102293	0.24091504886177967	0.14091823475980111	0.0
0.0	0.6197261013218311	0.49032130715583594	0.7917013828703304	0.6197261013218311	0.0	0.13397473926358988	0.3505065529383158	0.49032130715583594	0.13397473926358988	0.0	0.2568141100581332	0.7917013828703304	0.3505065529383158	0.2568141100581332	0.0
0.0	0.40030176691215336	0.4267368353813406	0.5837171086006883	0.40030176691215336	0.0	0.09802325828562547	0.23246753747672846	0.4267368353813406	0.09802325828562547	0.0	0.10369103090808822	0.5837171086006883	0.23246753747672846	0.10369103090808822	0.0
0.0	0.6059300839688826	0.9201399801147254	1.0925888251605844	0.6059300839688826	0.0	0.12935171197587897	0.3101211623379129	0.9201399801147254	0.12935171197587897	0.0	0.14703351866696138	1.0925888251605844	0.3101211623379129	0.14703351866696138	0.0
0.0	0.9363627350182452	1.2007247403247092	1.3222236644014165	0.9363627350182452	0.0	0.04886445660314049	0.11286547897151235	1.2007247403247092	0.04886445660314049	0.0	0.1264213611431788	1.3222236644014165	0.11286547897151235	0.1264213611431788	0.0
0.0	0.49330309283953117	0.6023653389366984	1.0812387181412373	0.49330309283953117	0.0	0.08746179735690209	0.5417123746515058	0.6023653389366984	0.08746179735690209	0.0	0.29484672335346934	1.0812387181412373	0.5417123746515058	0.29484672335346934	0.0
0.0	0.25068773309436415	0.27578991833603966	0.4526283025802317	0.25068773309436415	0.0	0.05687546209238193	0.22234637030177293	0.27578991833603966	0.05687546209238193	0.0	0.19485564066006925	0.4526283025802317	0.22234637030177293	0.19485564066006925	0.0
0.0	0.3910343142166552	0.5375033193497596	0.9072290486993734	0.3910343142166552	0.0	0.15950896047500807	0.510502467645282	0.5375033193497596	0.15950896047500807	0.0	0.1397708712305698	0.9072290486993734	0.510502467645282	0.1397708712305698	0.0
0.0	0.1964918066935211	0.4474905660667867	0.5197284192910785	0.1964918066935211	0.0	0.22858324690085152	0.32681952307904477	0.4474905660667867	0.22858324690085152	0.0	0.089981896110059	0.5197284192910785	0.32681952307904477	0.089981896110059	0.0
0.0	0.5086408139999866	0.6339284029273407	0.8576530834189189	0.5086408139999866	0.0	0.06011412815051369	0.27008990953371853	0.6339284029273407	0.06011412815051369	0.0	0.12752370970649526	0.8576530834189189	0.27008990953371853	0.12752370970649526	0.0
0.0	0.4537258870938616	0.5263175535405511	0.8427982406718748	0.4537258870938616	0.0	0.16312725739177913	0.49185366368411876	0.5263175535405511	0.16312725739177913	0.0	0.227312089537258	0.8427982406718748	0.49185366368411876	0.227312089537258	0.0
0.0	0.19658019776107566	0.25122981857553744	0.33564355257701034	0.19658019776107566	0.0	0.07951675220103012	0.13861757531296978	0.25122981857553744	0.07951675220103012	0.0	0.08221089133833366	0.33564355257701034	0.13861757531296978	0.08221089133833366	0.0
0.0	0.6806827546995117	0.4118568350286298	0.5667666657534179	0.6806827546995117	0.0	0.37940720975282355	0.659436119076314	0.4118568350286298	0.37940720975282355	0.0	0.1492079000201601	0.5667666657534179	0.659436119076314	0.1492079000201601	0.0
0.0	0.4541407398283237	0.8145849395844785	1.1354251521210061	0.4541407398283237	0.0	0.1611421314696401	0.3416586335761092	0.8145849395844785	0.1611421314696401	0.0	0.06931051829239247	1.1354251521210061	0.3416586335761092	0.06931051829239247	0.0
0.0	0.7082598306955042	0.8587206678189641	0.6236465166984784	0.7082598306955042	0.0	0.0349860428695545	0.14021126162673866	0.8587206678189641	0.0349860428695545	0.0	0.1682460291086282	0.6236465166984784	0.14021126162673866	0.1682460291086282	0.0
0.0	0.6906926431626171	0.6968017076452334	1.9899024145066684	0.6906926431626171	0.0	0.03324163492140918	0.42032500919513355	0.6968017076452334	0.03324163492140918	0.0	0.40343820148219606	1.9899024145066684	0.42032500919513355	0.40343820148219606	0.0
0.0	0.35050844329411757	0.5519839316036711	0.8319942634669593	0.35050844329411757	0.0	0.35530721182358127	0.6946999247466449	0.5519839316036711	0.35530721182358127	0.0	0.07617977184301974	0.8319942634669593	0.6946999247466449	0.07617977184301974	0.0
0.0	0.5728839243771789	0.672905866562896	0.77791605786893	0.5728839243771789	0.0	0.07203943874363648	0.3309518192068432	0.672905866562896	0.07203943874363648	0.0	0.18726988045786772	0.77791605786893	0.3309518192068432	0.18726988045786772	0.0
0.0	0.407496432421325	0.46314966069628694	0.480222576483562	0.407496432421325	0.0	0.06449474697637161	0.3202540737477283	0.46314966069628694	0.06449474697637161	0.0	0.2246148495494647	0.480222576483562	0.3202540737477283	0.2246148495494647	0.0
0.0	0.7670250155960462	0.8580273500763776	1.5174364603688097	0.7670250155960462	0.0	0.08132595455080496	0.7234061411072421	0.8580273500763776	0.08132595455080496	0.0	0.6194951025915335	1.5174364603688097	0.7234061411072421	0.6194951025915335	0.0
0.0	1.2260744078252186	1.7830546435495231	2.083031693975614	1.2260744078252186	0.0	0.1546720375828619	0.25238522565511323	1.7830546435495231	0.1546720375828619	0.0	0.1970834220529794	2.083031693975614	0.25238522565511323	0.1970834220529794	0.0
0.0	0.32622693921345897	0.43986363349457125	1.179954572099987	0.32622693921345897	0.0	0.10551086385763929	0.7452181778047193	0.43986363349457125	0.10551086385763929	0.0	0.30430095423298364	1.179954572099987	0.7452181778047193	0.30430095423298364	0.0
0.0	0.3141640970711674	0.40528149373294925	0.4818873475417605	0.3141640970711674	0.0	0.05535573174388194	0.16636213807871433	0.40528149373294925	0.05535573174388194	0.0	0.14810839912923093	0.4818873475417605	0.16636213807871433	0.14810839912923093	0.0
0.0	0.5771596636544643	0.7723827165477195	1.0500685519293147	0.5771596636544643	0.0	0.2881236647794347	0.5158488834031237	0.7723827165477195	0.2881236647794347	0.0	0.05974866448521272	1.0500685519293147	0.5158488834031237	0.05974866448521272	0.0
0.0	0.5761414321077711	0.8092962497779146	1.2447864502196468	0.5761414321077711	0.0	0.11881724857594352	0.6761062565664443	0.8092962497779146	0.11881724857594352	0.0	0.5693182623970847	1.2447864502196468	0.6761062565664443	0.5693182623970847	0.0
0.0	0.7451214950185344	0.6742496349353586	1.0124014464302185	0.7451214950185344	0.0	0.11606969499995846	0.14904144110460033	0.6742496349353586	0.11606969499995846	0.0	0.20545172497211972	1.0124014464302185	0.14904144110460033	0.20545172497211972	0.0
0.0	1.0891813757167663	0.947007825973835	1.0419328398137588	1.0891813757167663	0.0	0.12435265322669538	0.4569730496662751	0.947007825973835	0.12435265322669538	0.0	0.27098084761219166	1.0419328398137588	0.4569730496662751	0.27098084761219166	0.0
0.0	0.1815201808345798	0.21637365424164567	0.6019050941099382	0.1815201808345798	0.0	0.015634639569368145	0.26424262248860997	0.21637365424164567	0.015634639569368145	0.0	0.20478251867297873	0.6019050941099382	0.26424262248860997	0.20478251867297873	0.0
0.0	0.44314827776135185	0.6602894901707658	0.8185670626143735	0.44314827776135185	0.0	0.11601624471610195	0.3780588472637114	0.6602894901707658	0.11601624471610195	0.0	0.20451940308040228	0.8185670626143735	0.3780588472637114	0.20451940308040228	0.0
0.0	0.33240014979261023	0.47864687841709774	1.0576636028246433	0.33240014979261023	0.0	0.1337106581283312	0.7727493873745542	0.47864687841709774	0.1337106581283312	0.0	0.3574752613625575	1.0576636028246433	0.7727493873745542	0.3574752613625575	0.0
0.0	0.39291510386542255	0.681616797218386	1.0397593617506615	0.39291510386542255	0.0	0.1833564471369978	0.5124638133533401	0.681616797218386	0.1833564471369978	0.0	0.29792772354331576	1.0397593617506615	0.5124638133533401	0.29792772354331576	0.0
0.0	0.731705664088224	1.0268058083512968	1.1948319770170923	0.731705664088224	0.0	0.11269101883671048	0.2328282216517621	1.0268058083512968	0.11269101883671048	0.0	0.10776986654154537	1.1948319770170923	0.2328282216517621	0.10776986654154537	0.0
0.0	0.5559223849398421	0.5909619088716749	0.6378685891219185	0.5559223849398421	0.0	0.04617311080101969	0.09064014928213592	0.5909619088716749	0.04617311080101969	0.0	0.034981785640256745	0.6378685891219185	0.09064014928213592	0.034981785640256745	0.0
0.0	0.6059143775451263	0.7315307763517611	0.7699227999909709	0.6059143775451263	0.0	0.1503563155397473	0.25009303435442626	0.7315307763517611	0.1503563155397473	0.0	0.17013885272738102	0.7699227999909709	0.25009303435442626	0.17013885272738102	0.0
0.0	0.8521844327783302	0.8248139190666449	1.1622354863698399	0.8521844327783302	0.0	0.14939549957119874	0.4229716610838369	0.8248139190666449	0.14939549957119874	0.0	0.25502349622104953	1.1622354863698399	0.4229716610838369	0.25502349622104953	0.0
0.0	0.38344705524239525	0.5399987369964454	0.828827927246215	0.38344705524239525	0.0	0.0957906158923915	0.2922896002018368	0.5399987369964454	0.0957906158923915	0.0	0.11274538736073925	0.828827927246215	0.2922896002018368	0.11274538736073925	0.0
0.0	0.6454208904555809	1.0343987473839202	1.1565237747408808	0.6454208904555809	0.0	0.17992078100086273	0.2510667198778362	1.0343987473839202	0.17992078100086273	0.0	0.07059221465153206	1.1565237747408808	0.2510667198778362	0.07059221465153206	0.0
0.0	0.40330829386164324	0.43508718708215727	0.6046595933540613	0.40330829386164324	0.0	0.06573845368374502	0.14024604943233931	0.43508718708215727	0.06573845368374502	0.0	0.10023937562651179	0.6046595933540613	0.14024604943233931	0.10023937562651179	0.0
0.0	0.5793526516111217	0.6471669856714353	0.797048249706058	0.5793526516111217	0.0	0.07311963106363326	0.1743734919535054	0.6471669856714353	0.07311963106363326	0.0	0.0645468472520229	0.797048249706058	0.1743734919535054	0.0645468472520229	0.0
0.0	0.9640477158144954	0.8807029088939671	0.9622867680681452	0.9640477158144954	0.0	0.21511603839593127	0.43494160124055653	0.8807029088939671	0.21511603839593127	0.0	0.15505098572479728	0.9622867680681452	0.43494160124055653	0.15505098572479728	0.0
0.0	0.4456351060543105	0.7250072223032533	0.9281986403494911	0.4456351060543105	0.0	0.15911226494225875	0.33674491412651447	0.7250072223032533	0.15911226494225875	0.0	0.09987836349245961	0.9281986403494911	0.33674491412651447	0.09987836349245961	0.0
0.0	0.6311709946761945	0.7266232159955052	0.8647250322380786	0.6311709946761945	0.0	0.1375702143766538	0.5540856192857747	0.7266232159955052	0.1375702143766538	0.0	0.4176171997564923	0.8647250322380786	0.5540856192857747	0.4176171997564923	0.0
0.0	1.1262326516212635	1.413312948401038	1.3016862393085624	1.1262326516212635	0.0	0.1027587748335744	0.1481675866416776	1.413312948401038	0.1027587748335744	0.0	0.04623162754139886	1.3016862393085624	0.1481675866416776	0.04623162754139886	0.0
0.0	0.5296183232102873	1.478896877470251	0.6246301550696481	0.5296183232102873	0.0	0.2178007521353219	0.14923846364937116	1.478896877470251	0.2178007521353219	0.0	0.3080516511714153	0.6246301550696481	0.14923846364937116	0.3080516511714153	0.0
0.0	0.6637279828327465	1.0501373604683948	0.9730023007169651	0.6637279828327465	0.0	0.08468348483179047	0.13741653406245039	1.0501373604683948	0.08468348483179047	0.0	0.15786958185892178	0.9730023007169651	0.13741653406245039	0.15786958185892178	0.0
0.0	0.484895696171385	0.6177134183647175	0.756786593768206	0.484895696171385	0.0	0.08135479258046655	0.15572204721171798	0.6177134183647175	0.08135479258046655	0.0	0.07649417347101858	0.756786593768206	0.15572204721171798	0.07649417347101858	0.0
0.0	0.4386812079587984	0.46413799503377157	0.5316323968422835	0.4386812079587984	0.0	0.09336904364735328	0.2734715124671203	0.46413799503377157	0.09336904364735328	0.0	0.17746720754615836	0.5316323968422835	0.2734715124671203	0.17746720754615836	0.0
0.0	0.6103207646657708	0.6487282964044584	0.8797717139393674	0.6103207646657708	0.0	0.07670472280896448	0.28710401629188326	0.6487282964044584	0.07670472280896448	0.0	0.20933586130188056	0.8797717139393674	0.28710401629188326	0.20933586130188056	0.0
0.0	0.7581466657414143	0.8796613238809188	1.097007952065523	0.7581466657414143	0.0	0.10930606651338452	0.24589140628564454	0.8796613238809188	0.10930606651338452	0.0	0.09443134238649833	1.097007952065523	0.24589140628564454	0.09443134238649833	0.0
0.0	0.6128989362205585	0.7906513429273337	1.0644352055805948	0.6128989362205585	0.0	0.11100781291291333	0.3055139934244549	0.7906513429273337	0.11100781291291333	0.0	0.10000460931744987	1.0644352055805948	0.3055139934244549	0.10000460931744987	0.0
0.0	0.37963982979890365	0.508679353522534	0.656670180157804	0.37963982979890365	0.0	0.060175486504790855	0.26975223844449026	0.508679353522534	0.060175486504790855	0.0	0.1539231617235638	0.656670180157804	0.26975223844449026	0.1539231617235638	0.0
0.0	0.3074730211162167	0.4795986836616583	0.6117898587441627	0.3074730211162167	0.0	0.11794386949622061	0.3070590901726496	0.4795986836616583	0.11794386949622061	0.0	0.30058019201697656	0.6117898587441627	0.3070590901726496	0.30058019201697656	0.0
0.0	0.3839629065991307	0.3890833869258927	0.46112339883198217	0.3839629065991307	0.0	0.16216033713713457	0.28759590198664853	0.3890833869258927	0.16216033713713457	0.0	0.07767813367244972	0.46112339883198217	0.28759590198664853	0.07767813367244972	0.0
0.0	0.5301282014106342	0.44083499247963176	0.6999436096661076	0.5301282014106342	0.0	0.09095262282083771	0.24865829798125355	0.44083499247963176	0.09095262282083771	0.0	0.30101088252038044	0.6999436096661076	0.24865829798125355	0.30101088252038044	0.0
0.0	0.40988142341390815	0.29265843685139414	0.36206385668328717	0.40988142341390815	0.0	0.13316360240157163	0.1377756051071727	0.29265843685139414	0.13316360240157163	0.0	0.05105531477951948	0.36206385668328717	0.1377756051071727	0.05105531477951948	0.0
0.0	0.692551859623412	0.7066564635711465	0.8127977243113448	0.692551859623412	0.0	0.05064130377400677	0.09555933826141265	0.7066564635711465	0.05064130377400677	0.0	0.06439527869205315	0.8127977243113448	0.09555933826141265	0.06439527869205315	0.0
0.0	0.5628615815814872	0.6611307037390102	0.8969185430772008	0.5628615815814872	0.0	0.09019905303520205	0.21148163385419635	0.6611307037390102	0.09019905303520205	0.0	0.0829539066077495	0.8969185430772008	0.21148163385419635	0.0829539066077495	0.0
0.0	0.5275468417686087	0.434019688816395	0.6407920615266317	0.5275468417686087	0.0	0.11005817568934662	0.527155817077794	0.434019688816395	0.11005817568934662	0.0	0.23713965854227523	0.6407920615266317	0.527155817077794	0.23713965854227523	0.0
0.0	0.22788120839391715	0.3310020193285828	0.39794118208828355	0.22788120839391715	0.0	0.08931699590887435	0.13910226891715763	0.3310020193285828	0.08931699590887435	0.0	0.04812385302082244	0.39794118208828355	0.13910226891715763	0.04812385302082244	0.0
0.0	0.31229955130440235	0.3275995459450996	0.355504664056122	0.31229955130440235	0.0	0.08775738544963714	0.1574952198212077	0.3275995459450996	0.08775738544963714	0.0	0.15170118600341229	0.355504664056122	0.1574952198212077	0.15170118600341229	0.0
0.0	0.8023500630007755	0.8605063989427192	1.7141137864054496	0.8023500630007755	0.0	0.06746618627330671	0.6062952369726387	0.8605063989427192	0.06746618627330671	0.0	0.4263548179399034	1.7141137864054496	0.6062952369726387	0.4263548179399034	0.0
0.0	0.35112965582628225	0.441954539638498	0.6598480259991897	0.35112965582628225	0.0	0.10087902619038593	0.3828629577328432	0.441954539638498	0.10087902619038593	0.0	0.14725289095558694	0.6598480259991897	0.3828629577328432	0.14725289095558694	0.0
0.0	0.3453395646096468	0.49547296410516223	1.3983712096638383	0.3453395646096468	0.0	0.16945083519657653	0.8670827699523382	0.49547296410516223	0.16945083519657653	0.0	0.35390141862335345	1.3983712096638383	0.8670827699523382	0.35390141862335345	0.0
0.0	0.9487879516438166	1.750948857300989	1.4930835093906039	0.9487879516438166	0.0	0.2105886525426776	0.13859851493540784	1.750948857300989	0.2105886525426776	0.0	0.1672309494455616	1.4930835093906039	0.13859851493540784	0.1672309494455616	0.0
0.0	0.44074676658642614	0.5412368831785637	0.6604652971641963	0.44074676658642614	0.0	0.07419312654096666	0.18044680132075888	0.5412368831785637	0.07419312654096666	0.0	0.11202677236994249	0.6604652971641963	0.18044680132075888	0.11202677236994249	0.0
0.0	0.790759910775888	0.582159457084071	0.5869252272848416	0.790759910775888	0.0	0.07755032258051775	0.1311978904597042	0.582159457084071	0.07755032258051775	0.0	0.03707439525652622	0.5869252272848416	0.1311978904597042	0.03707439525652622	0.0
0.0	0.5479790941673024	0.6784437762099217	0.8289908564621226	0.5479790941673024	0.0	0.08298222341278133	0.16727009446034327	0.6784437762099217	0.08298222341278133	0.0	0.05458670876296337	0.8289908564621226	0.16727009446034327	0.05458670876296337	0.0
0.0	0.3663109390248182	0.8403176956244349	0.8588960683517749	0.3663109390248182	0.0	0.2078149976985624	0.23054507810592226	0.8403176956244349	0.2078149976985624	0.0	0.22348717418807082	0.8588960683517749	0.23054507810592226	0.22348717418807082	0.0
0.0	0.2729207746168806	0.5149009010655896	0.5838869124493675	0.2729207746168806	0.0	0.2663232476575178	0.40789798709633324	0.5149009010655896	0.2663232476575178	0.0	0.2045280108699092	0.5838869124493675	0.40789798709633324	0.2045280108699092	0.0
0.0	0.8530163972664851	0.858932684722035	0.8972111797573052	0.8530163972664851	0.0	0.050638366646017695	0.24450991049927448	0.858932684722035	0.050638366646017695	0.0	0.13397330526689377	0.8972111797573052	0.24450991049927448	0.13397330526689377	0.0
0.0	0.4461469398332963	0.7832169470886848	1.005875445363662	0.4461469398332963	0.0	0.2730868534531954	0.34770068681863686	0.7832169470886848	0.2730868534531954	0.0	0.15811503970242025	1.005875445363662	0.34770068681863686	0.15811503970242025	0.0
0.0	0.3345855721175743	0.3545491633125111	0.3541345948834718	0.3345855721175743	0.0	0.23060029863308962	0.2893267688546972	0.3545491633125111	0.23060029863308962	0.0	0.06205065222429438	0.3541345948834718	0.2893267688546972	0.06205065222429438	0.0
0.0	0.5505914612957212	0.8069914652076766	1.3812278783112133	0.5505914612957212	0.0	0.058821395835818954	0.2885851980429102	0.8069914652076766	0.058821395835818954	0.0	0.16546280160088173	1.3812278783112133	0.2885851980429102	0.16546280160088173	0.0
0.0	0.28809983439026743	0.36019727546870106	0.38131006533681977	0.28809983439026743	0.0	0.08491136039456515	0.18566430081886787	0.36019727546870106	0.08491136039456515	0.0	0.11949830535641402	0.38131006533681977	0.18566430081886787	0.11949830535641402	0.0
0.0	0.23458539723564314	0.38492656574920964	0.35142141357876416	0.23458539723564314	0.0	0.16790610707480344	0.12056032452248254	0.38492656574920964	0.16790610707480344	0.0	0.05866477566953833	0.35142141357876416	0.12056032452248254	0.05866477566953833	0.0
0.0	0.3868797943492633	0.7899945792746739	0.8246472248354083	0.3868797943492633	0.0	0.26973645856484796	0.37523894435731114	0.7899945792746739	0.26973645856484796	0.0	0.14353197867800438	0.8246472248354083	0.37523894435731114	0.14353197867800438	0.0
0.0	0.30013664721470223	0.6001043996351401	0.9586925744488708	0.30013664721470223	0.0	0.28930099946013627	0.6573043249535213	0.6001043996351401	0.28930099946013627	0.0	0.100578690586455	0.9586925744488708	0.6573043249535213	0.100578690586455	0.0
0.0	0.4626052020980361	0.8334188089841755	0.703813701504731	0.4626052020980361	0.0	0.30049802725676417	0.4383952974518141	0.8334188089841755	0.30049802725676417	0.0	0.3943813786373583	0.703813701504731	0.4383952974518141	0.3943813786373583	0.0
0.0	0.3594221622384182	0.41672975562637116	0.6421866535227216	0.3594221622384182	0.0	0.07910055373977623	0.17733657447784257	0.41672975562637116	0.07910055373977623	0.0	0.10591938541426624	0.6421866535227216	0.17733657447784257	0.10591938541426624	0.0
0.0	0.3053883206203062	0.4155384772450129	0.6521769462984698	0.3053883206203062	0.0	0.040417810689799105	0.3089109036088266	0.4155384772450129	0.040417810689799105	0.0	0.2939597549220077	0.6521769462984698	0.3089109036088266	0.2939597549220077	0.0
0.0	0.6421541403329154	0.9576238659180067	1.0137524603129264	0.6421541403329154	0.0	0.17068481189375123	0.16385894441046622	0.9576238659180067	0.17068481189375123	0.0	0.028315789127590606	1.0137524603129264	0.16385894441046622	0.028315789127590606	0.0
0.0	0.2809241799134947	1.0574916689944958	1.0341352532200256	0.2809241799134947	0.0	0.5173786956424649	0.5567746724154409	1.0574916689944958	0.5173786956424649	0.0	0.17420765027330395	1.0341352532200256	0.5567746724154409	0.17420765027330395	0.0
0.0	0.22231887113629056	0.3403647591325906	0.4381996891807814	0.22231887113629056	0.0	0.076947462906991	0.16586299909407545	0.3403647591325906	0.076947462906991	0.0	0.05491738112015185	0.4381996891807814	0.16586299909407545	0.05491738112015185	0.0
0.0	0.3655066221033706	0.6836859653914581	1.0966740096992496	0.3655066221033706	0.0	0.21056738619521617	0.6201311394292719	0.6836859653914581	0.21056738619521617	0.0	0.3010507522017558	1.0966740096992496	0.6201311394292719	0.3010507522017558	0.0
0.0	0.4012372252577419	0.45847612958289946	0.6098822273408384	0.4012372252577419	0.0	0.15149294596090365	0.38916207097968764	0.45847612958289946	0.15149294596090365	0.0	0.11361945822177186	0.6098822273408384	0.38916207097968764	0.11361945822177186	0.0
0.0	0.687356798617331	0.644804288499106	0.9487708633161902	0.687356798617331	0.0	0.16075412190246954	0.18996850306403643	0.644804288499106	0.16075412190246954	0.0	0.1169295425239965	0.9487708633161902	0.18996850306403643	0.1169295425239965	0.0
0.0	0.22535767165258028	0.4604023551027102	0.4923053525169894	0.22535767165258028	0.0	0.21371177830911292	0.29590909382007136	0.4604023551027102	0.21371177830911292	0.0	0.10635735596504073	0.4923053525169894	0.29590909382007136	0.10635735596504073	0.0
0.0	0.238353910075228	0.3162319065438258	0.4153940867748359	0.238353910075228	0.0	0.09346741436766161	0.18089426168970424	0.3162319065438258	0.09346741436766161	0.0	0.058647052112595105	0.4153940867748359	0.18089426168970424	0.058647052112595105	0.0
0.0	0.8432008672549826	0.9642712268234471	1.3696713953174449	0.8432008672549826	0.0	0.13368910202373077	0.4598938524900478	0.9642712268234471	0.13368910202373077	0.0	0.11044334017330368	1.3696713953174449	0.4598938524900478	0.11044334017330368	0.0
0.0	0.5926814929941716	0.8426120270774177	1.317001136969579	0.5926814929941716	0.0	0.06914944723614387	0.2433705487359946	0.8426120270774177	0.06914944723614387	0.0	0.12633748701794278	1.317001136969579	0.2433705487359946	0.12633748701794278	0.0
0.0	0.29688884153160716	0.5848111062490141	0.59608680720735	0.29688884153160716	0.0	0.18894128369479332	0.19773302188364764	0.5848111062490141	0.18894128369479332	0.0	0.047759735923806425	0.59608680720735	0.19773302188364764	0.047759735923806425	0.0
0.0	0.6283975940234562	0.945083620379745	1.1332699660266015	0.6283975940234562	0.0	0.05734588590996159	0.19985674319170701	0.945083620379745	0.05734588590996159	0.0	0.15327408242387316	1.1332699660266015	0.19985674319170701	0.15327408242387316	0.0
0.0	0.3278620264217389	0.41135374389364615	0.7032096783169121	0.3278620264217389	0.0	0.07426655725350235	0.48257574845975826	0.41135374389364615	0.07426655725350235	0.0	0.4421847920047193	0.7032096783169121	0.48257574845975826	0.4421847920047193	0.0
0.0	1.6337160402189017	1.6179659288780728	2.0286778141623825	1.6337160402189017	0.0	0.11098878568638523	0.17510930557597257	1.6179659288780728	0.11098878568638523	0.0	0.09401748821559486	2.0286778141623825	0.17510930557597257	0.09401748821559486	0.0
0.0	0.3810793958440917	0.7910409576342666	0.7137571414463152	0.3810793958440917	0.0	0.4648659466323561	0.34777548625533505	0.7910409576342666	0.4648659466323561	0.0	0.18806710933628326	0.7137571414463152	0.34777548625533505	0.18806710933628326	0.0
0.0	0.5467131649545015	0.9436603775301474	0.8554791791469031	0.5467131649545015	0.0	0.21687883628662988	0.3069309610470935	0.9436603775301474	0.21687883628662988	0.0	0.3482731233591424	0.8554791791469031	0.3069309610470935	0.3482731233591424	0.0
0.0	0.6130429578194299	0.6455557967002958	0.842694945422805	0.6130429578194299	0.0	0.18007791934578218	0.23473841792989972	0.6455557967002958	0.18007791934578218	0.0	0.08723625408114637	0.842694945422805	0.23473841792989972	0.08723625408114637	0.0
0.0	0.7406427512315049	0.8008955010801234	0.8611245929705632	0.7406427512315049	0.0	0.07699496119601083	0.31918572022686165	0.8008955010801234	0.07699496119601083	0.0	0.15647327257105756	0.8611245929705632	0.31918572022686165	0.15647327257105756	0.0
0.0	0.6828651023835525	0.8463231577128278	1.1930087187792995	0.6828651023835525	0.0	0.07930487436663093	0.20159023326267406	0.8463231577128278	0.07930487436663093	0.0	0.0870014896020581	1.1930087187792995	0.20159023326267406	0.0870014896020581	0.0
0.0	0.3973439786080844	0.5098851861056145	0.46617068313222015	0.3973439786080844	0.0	0.16443550559486148	0.2186971622811251	0.5098851861056145	0.16443550559486148	0.0	0.1660864471481455	0.46617068313222015	0.2186971622811251	0.1660864471481455	0.0
0.0	0.4112630476132549	0.4596757222097414	0.4806527410430103	0.4112630476132549	0.0	0.09546216362040706	0.11676788570740969	0.4596757222097414	0.09546216362040706	0.0	0.1528604826510145	0.4806527410430103	0.11676788570740969	0.1528604826510145	0.0
0.0	0.46323239446378706	0.5695109316688112	0.772646049854502	0.46323239446378706	0.0	0.03773374013505402	0.30719824070129903	0.5695109316688112	0.03773374013505402	0.0	0.2595487378443516	0.772646049854502	0.30719824070129903	0.2595487378443516	0.0
0.0	0.4663999740164195	0.5935335113941318	0.9411020097518286	0.4663999740164195	0.0	0.06315165292629886	0.18334602166487685	0.5935335113941318	0.06315165292629886	0.0	0.09594568855372174	0.9411020097518286	0.18334602166487685	0.09594568855372174	0.0
0.0	0.489361335215183	0.6618571614393558	0.5537464130463026	0.489361335215183	0.0	0.07726128241562602	0.09081980820767582	0.6618571614393558	0.07726128241562602	0.0	0.08157258959912514	0.5537464130463026	0.09081980820767582	0.08157258959912514	0.0
0.0	0.31243722209672675	0.3589056015654868	0.49613919310780386	0.31243722209672675	0.0	0.1470135829663142	0.34977933105892417	0.3589056015654868	0.1470135829663142	0.0	0.12090579852356254	0.49613919310780386	0.34977933105892417	0.12090579852356254	0.0
0.0	0.25366148103028446	1.0005193212085026	0.695400627990328	0.25366148103028446	0.0	0.5111345852969913	0.38823916276389914	1.0005193212085026	0.5111345852969913	0.0	0.42804630792550397	0.695400627990328	0.38823916276389914	0.42804630792550397	0.0
0.0	0.4308075393434088	0.7292830323677806	0.6570843885153981	0.4308075393434088	0.0	0.4376786316080827	0.4726250402369709	0.7292830323677806	0.4376786316080827	0.0	0.07819836260459603	0.6570843885153981	0.4726250402369709	0.07819836260459603	0.0
0.0	0.8335240418250333	1.3900275298352887	1.217085156474912	0.8335240418250333	0.0	0.14383614914264392	0.16694586397376796	1.3900275298352887	0.14383614914264392	0.0	0.11555303523234356	1.217085156474912	0.16694586397376796	0.11555303523234356	0.0
0.0	0.5141559711427451	0.6139584062899257	1.2271383555569055	0.5141559711427451	0.0	0.043581280494047955	0.3695246410149089	0.6139584062899257	0.043581280494047955	0.0	0.2768436064670731	1.2271383555569055	0.3695246410149089	0.2768436064670731	0.0
0.0	0.5578419112405306	0.9036668945204185	1.111229403942442	0.5578419112405306	0.0	0.1495832571823519	0.2814644676821048	0.9036668945204185	0.1495832571823519	0.0	0.27380282354050206	1.111229403942442	0.2814644676821048	0.27380282354050206	0.0
0.0	0.47497004213610156	0.46116936819666615	0.6218484807634602	0.47497004213610156	0.0	0.0965628300794629	0.40412181622710247	0.46116936819666615	0.0965628300794629	0.0	0.2557665852630581	0.6218484807634602	0.40412181622710247	0.2557665852630581	0.0
0.0	0.3727312331062316	0.5152821103930245	0.5109209470189507	0.3727312331062316	0.0	0.13111981407245954	0.1699428389643484	0.5152821103930245	0.13111981407245954	0.0	0.13604681360265447	0.5109209470189507	0.1699428389643484	0.13604681360265447	0.0
0.0	0.45379326178604534	0.7077503680086323	0.8236205490494228	0.45379326178604534	0.0	0.13333475236017497	0.23070398845842346	0.7077503680086323	0.13333475236017497	0.0	0.07689279688578379	0.8236205490494228	0.23070398845842346	0.07689279688578379	0.0
0.0	0.6144014385717254	0.8724074606734296	1.104282223167312	0.6144014385717254	0.0	0.15580656728522305	0.6463352785673571	0.8724074606734296	0.15580656728522305	0.0	0.46126676836899244	1.104282223167312	0.6463352785673571	0.46126676836899244	0.0
0.0	0.41309033176375487	0.6412766728630149	1.52569411734582	0.41309033176375487	0.0	0.19403532974017382	0.8923464729914699	0.6412766728630149	0.19403532974017382	0.0	0.42915639313509835	1.52569411734582	0.8923464729914699	0.42915639313509835	0.0
0.0	0.5981880041979403	0.6670339647095349	0.5993421363878721	0.5981880041979403	0.0	0.06638121035847576	0.2197344199145551	0.6670339647095349	0.06638121035847576	0.0	0.18279167995372195	0.5993421363878721	0.2197344199145551	0.18279167995372195	0.0
0.0	1.000190181099269	0.7839873517266697	1.2634699846588864	1.000190181099269	0.0	0.13648142635942648	0.2537390823894944	0.7839873517266697	0.13648142635942648	0.0	0.15831582615963574	1.2634699846588864	0.2537390823894944	0.15831582615963574	0.0
0.0	0.9741778378014927	1.0730574690788022	1.0849577247375284	0.9741778378014927	0.0	0.12343130163186301	0.26831854915516856	1.0730574690788022	0.12343130163186301	0.0	0.10987339015655079	1.0849577247375284	0.26831854915516856	0.10987339015655079	0.0
0.0	0.42534673726737804	0.701055169340594	0.591807434639862	0.42534673726737804	0.0	0.09320675049233176	0.14628965675949313	0.701055169340594	0.09320675049233176	0.0	0.11526078719343616	0.591807434639862	0.14628965675949313	0.11526078719343616	0.0
0.0	0.36105960338494336	0.4543896911570823	0.9914368563370078	0.36105960338494336	0.0	0.10207453385391296	0.4643552776730855	0.4543896911570823	0.10207453385391296	0.0	0.23830631911138406	0.9914368563370078	0.4643552776730855	0.23830631911138406	0.0
0.0	0.6782078060467683	0.6399175257139257	1.0231704303534601	0.6782078060467683	0.0	0.11804547348198045	0.3528475044947292	0.6399175257139257	0.11804547348198045	0.0	0.15335854225659346	1.0231704303534601	0.3528475044947292	0.15335854225659346	0.0
0.0	0.47370477175790476	0.4298724838000482	0.6660682701159331	0.47370477175790476	0.0	0.23995552249996907	0.7817153708299316	0.4298724838000482	0.23995552249996907	0.0	0.24876901118672487	0.6660682701159331	0.7817153708299316	0.24876901118672487	0.0
0.0	0.42988562941439135	0.664387920028976	0.7724302785561626	0.42988562941439135	0.0	0.1357054148095324	0.23725956629040132	0.664387920028976	0.1357054148095324	0.0	0.14472545381277455	0.7724302785561626	0.23725956629040132	0.14472545381277455	0.0
0.0	0.3624770483923905	0.702123197870228	0.8978282332466581	0.3624770483923905	0.0	0.1458561115521936	0.3402638563454184	0.702123197870228	0.1458561115521936	0.0	0.26591898963141625	0.8978282332466581	0.3402638563454184	0.26591898963141625	0.0
0.0	0.4068162733528379	0.48153776147696625	0.5490839613345088	0.4068162733528379	0.0	0.08693676083014966	0.43483866679609234	0.48153776147696625	0.08693676083014966	0.0	0.35815744815259676	0.5490839613345088	0.43483866679609234	0.35815744815259676	0.0
0.0	0.4582096107549149	0.44653864191679404	0.578310284072074	0.4582096107549149	0.0	0.1723197035313633	0.28713618733775986	0.44653864191679404	0.1723197035313633	0.0	0.05890684347150884	0.578310284072074	0.28713618733775986	0.05890684347150884	0.0
0.0	0.9189092398597926	0.8502718644336004	1.141170727452937	0.9189092398597926	0.0	0.23678491688381625	0.5863288066816722	0.8502718644336004	0.23678491688381625	0.0	0.1856029024465654	1.141170727452937	0.5863288066816722	0.1856029024465654	0.0
0.0	0.7543744958797476	0.6874414873531852	0.8850481024003485	0.7543744958797476	0.0	0.27601692247078613	0.36413978946801345	0.6874414873531852	0.27601692247078613	0.0	0.12535751059299788	0.8850481024003485	0.36413978946801345	0.12535751059299788	0.0
0.0	0.1384758570067491	0.19512475170398194	0.3974301224485009	0.1384758570067491	0.0	0.07311612334335786	0.2881354005046175	0.19512475170398194	0.07311612334335786	0.0	0.17058745842181786	0.3974301224485009	0.2881354005046175	0.17058745842181786	0.0
0.0	0.29363353867623	0.4213629073472272	0.4748901531050828	0.29363353867623	0.0	0.062092240775442356	0.10122424757111635	0.4213629073472272	0.062092240775442356	0.0	0.10515004571082778	0.4748901531050828	0.10122424757111635	0.10515004571082778	0.0
0.0	0.8687852981741294	0.8326417569364644	1.1586387503115634	0.8687852981741294	0.0	0.18239877130008017	0.5207152523768098	0.8326417569364644	0.18239877130008017	0.0	0.1679814199261834	1.1586387503115634	0.5207152523768098	0.1679814199261834	0.0
0.0	0.20890522497533948	0.29210283037089435	0.3307796075069979	0.20890522497533948	0.0	0.05705324468034422	0.20908781507511665	0.29210283037089435	0.05705324468034422	0.0	0.162171096757125	0.3307796075069979	0.20908781507511665	0.162171096757125	0.0
0.0	0.19744523801341107	0.37629906660468654	0.7544155553865807	0.19744523801341107	0.0	0.20809843336287198	0.6703853629742809	0.37629906660468654	0.20809843336287198	0.0	0.3269890010277453	0.7544155553865807	0.6703853629742809	0.3269890010277453	0.0
0.0	0.16659942483494766	0.30399412628055084	0.3775310488672095	0.16659942483494766	0.0	0.1499250474708219	0.20079651650607536	0.30399412628055084	0.1499250474708219	0.0	0.15988045183193728	0.3775310488672095	0.20079651650607536	0.15988045183193728	0.0
0.0	0.5352595347854201	0.6017779090716282	0.9665999881935751	0.5352595347854201	0.0	0.07510814011879446	0.30244768854040827	0.6017779090716282	0.07510814011879446	0.0	0.12052734851513873	0.9665999881935751	0.30244768854040827	0.12052734851513873	0.0
0.0	0.16858771318447927	0.24458548552084255	0.2905976881748493	0.16858771318447927	0.0	0.08596600423753292	0.23331082320582913	0.24458548552084255	0.08596600423753292	0.0	0.1512413749345354	0.2905976881748493	0.23331082320582913	0.1512413749345354	0.0
0.0	0.42510702357434565	0.5075478235205414	0.7022887996030576	0.42510702357434565	0.0	0.06317254431919637	0.19561765001771148	0.5075478235205414	0.06317254431919637	0.0	0.11874560745654002	0.7022887996030576	0.19561765001771148	0.11874560745654002	0.0
0.0	0.593213179673688	0.6718175292493146	0.800401077320879	0.593213179673688	0.0	0.15675686290237836	0.1796215809759337	0.6718175292493146	0.15675686290237836	0.0	0.04232503100801855	0.800401077320879	0.1796215809759337	0.04232503100801855	0.0
0.0	0.44484459085379713	0.5897973542195797	0.6064859105149973	0.44484459085379713	0.0	0.12136745208244328	0.2591893666086008	0.5897973542195797	0.12136745208244328	0.0	0.07986636775475943	0.6064859105149973	0.2591893666086008	0.07986636775475943	0.0
0.0	0.5081498511645944	0.6657037012043491	0.9212468003273526	0.5081498511645944	0.0	0.05829238184311978	0.24509092655915807	0.6657037012043491	0.05829238184311978	0.0	0.16819916885610328	0.9212468003273526	0.24509092655915807	0.16819916885610328	0.0
0.0	1.0067790224756719	1.1974419173202515	1.3026157679590558	1.0067790224756719	0.0	0.04471906705479336	0.15329059145305493	1.1974419173202515	0.04471906705479336	0.0	0.05851637385301866	1.3026157679590558	0.15329059145305493	0.05851637385301866	0.0
0.0	0.5372908079278957	0.5482895637254607	0.7421963050355156	0.5372908079278957	0.0	0.07097867469883462	0.2910559656459794	0.5482895637254607	0.07097867469883462	0.0	0.15914135560647213	0.7421963050355156	0.2910559656459794	0.15914135560647213	0.0
0.0	0.3716661113137321	0.48803975852241216	0.7522916914606648	0.3716661113137321	0.0	0.09396918326031924	0.48987370855203316	0.48803975852241216	0.09396918326031924	0.0	0.3081796799015039	0.7522916914606648	0.48987370855203316	0.3081796799015039	0.0
0.0	0.4778466430485098	0.6148971776554305	0.8520548561283868	0.4778466430485098	0.0	0.13746178648640067	0.3954291773830152	0.6148971776554305	0.13746178648640067	0.0	0.1725466973521663	0.8520548561283868	0.3954291773830152	0.1725466973521663	0.0
0.0	0.8174374377191994	1.1590629465761473	0.9432906428929779	0.8174374377191994	0.0	0.12981394955659858	0.3643568937021601	1.1590629465761473	0.12981394955659858	0.0	0.3955831151613329	0.9432906428929779	0.3643568937021601	0.3955831151613329	0.0
0.0	0.6444287398176323	1.2848237670622438	0.9088081626210447	0.6444287398176323	0.0	0.22061900255015685	0.37232246268558594	1.2848237670622438	0.22061900255015685	0.0	0.41635129492831274	0.9088081626210447	0.37232246268558594	0.41635129492831274	0.0
0.0	0.8770688556546359	1.0360162390898526	1.142069511083627	0.8770688556546359	0.0	0.11449529738565839	0.16039099240920407	1.0360162390898526	0.11449529738565839	0.0	0.061106682130530124	1.142069511083627	0.16039099240920407	0.061106682130530124	0.0
0.0	0.5834010692194664	0.6280047647518099	1.1165881741989452	0.5834010692194664	0.0	0.042815245829758604	0.469318723657616	0.6280047647518099	0.042815245829758604	0.0	0.33609820449514616	1.1165881741989452	0.469318723657616	0.33609820449514616	0.0
0.0	0.3302467680810009	0.46822670632790064	0.5649037418240015	0.3302467680810009	0.0	0.05755683282810819	0.1295186889102647	0.46822670632790064	0.05755683282810819	0.0	0.0664730610112061	0.5649037418240015	0.1295186889102647	0.0664730610112061	0.0
0.0	0.8488002426610601	0.9612938499134341	1.0200435667720253	0.8488002426610601	0.0	0.18238632287128528	0.3321498174160967	0.9612938499134341	0.18238632287128528	0.0	0.132813800615009	1.0200435667720253	0.3321498174160967	0.132813800615009	0.0
0.0	0.4435350527389878	0.5754179668853084	0.5954125319616878	0.4435350527389878	0.0	0.09055633954881016	0.17934356846715188	0.5754179668853084	0.09055633954881016	0.0	0.10590438345146869	0.5954125319616878	0.17934356846715188	0.10590438345146869	0.0
0.0	0.600262380614912	0.7172324881185353	2.0136126277678814	0.600262380614912	0.0	0.06442119916171683	0.4886457228460858	0.7172324881185353	0.06442119916171683	0.0	0.4196266079182357	2.0136126277678814	0.4886457228460858	0.4196266079182357	0.0
0.0	0.5243350571761541	0.5915185219091273	1.0467474239144596	0.5243350571761541	0.0	0.06297621257577433	0.3403181763700291	0.5915185219091273	0.06297621257577433	0.0	0.18718731134529976	1.0467474239144596	0.3403181763700291	0.18718731134529976	0.0
0.0	0.3320869572743749	0.5038274798323857	0.7973298380905524	0.3320869572743749	0.0	0.26839743853714204	0.7269842926796178	0.5038274798323857	0.26839743853714204	0.0	0.5060562372355958	0.7973298380905524	0.7269842926796178	0.5060562372355958	0.0
0.0	0.5685212469073467	0.6937861104814678	1.0404455401983033	0.5685212469073467	0.0	0.15596782585344637	0.2501709673768333	0.6937861104814678	0.15596782585344637	0.0	0.25224321125419324	1.0404455401983033	0.2501709673768333	0.25224321125419324	0.0
0.0	0.37180362812920204	0.3721067294930435	0.6396999689874708	0.37180362812920204	0.0	0.08649598860247848	0.3707844765706495	0.3721067294930435	0.08649598860247848	0.0	0.1767530975714413	0.6396999689874708	0.3707844765706495	0.1767530975714413	0.0
0.0	0.26547931082978277	0.40207908796022357	0.49207589123956746	0.26547931082978277	0.0	0.09487370985442016	0.26907736018551986	0.40207908796022357	0.09487370985442016	0.0	0.13944994478529446	0.49207589123956746	0.26907736018551986	0.13944994478529446	0.0
0.0	0.3309038759349887	0.44610948059811084	0.757204832509548	0.3309038759349887	0.0	0.057372551353968	0.249742055979448	0.44610948059811084	0.057372551353968	0.0	0.13978698734438275	0.757204832509548	0.249742055979448	0.13978698734438275	0.0
0.0	1.1654918371548078	1.393941826552792	1.3397809928196032	1.1654918371548078	0.0	0.07611159044776103	0.2545293463219379	1.393941826552792	0.07611159044776103	0.0	0.1900521024248456	1.3397809928196032	0.2545293463219379	0.1900521024248456	0.0
0.0	0.5803348266147683	0.8655813289587186	0.875153031122645	0.5803348266147683	0.0	0.11935447697118427	0.1195814148940193	0.8655813289587186	0.11935447697118427	0.0	0.1042010500936388	0.875153031122645	0.1195814148940193	0.1042010500936388	0.0
0.0	0.39135997152060414	0.47668443003218597	0.7148968497106846	0.39135997152060414	0.0	0.10702259924559539	0.43086109976724807	0.47668443003218597	0.10702259924559539	0.0	0.1965249245687451	0.7148968497106846	0.43086109976724807	0.1965249245687451	0.0
0.0	0.12748202528699332	0.23674267562783874	0.4109102734700473	0.12748202528699332	0.0	0.16677644476917483	0.4123965132817688	0.23674267562783874	0.16677644476917483	0.0	0.11596205503674116	0.4109102734700473	0.4123965132817688	0.11596205503674116	0.0
0.0	0.6257054173709087	0.7829775203330622	1.093370992219066	0.6257054173709087	0.0	0.06206455833826019	0.170037295267059	0.7829775203330622	0.06206455833826019	0.0	0.05948807516813242	1.093370992219066	0.170037295267059	0.05948807516813242	0.0
0.0	0.23307016103356637	0.294508149962487	0.49775128349532133	0.23307016103356637	0.0	0.0465142286724934	0.3223593314323251	0.294508149962487	0.0465142286724934	0.0	0.29099624676240865	0.49775128349532133	0.3223593314323251	0.29099624676240865	0.0
0.0	0.3288605780785561	0.5339366677546761	0.6505965656102891	0.3288605780785561	0.0	0.0709048271667255	0.18606127241030607	0.5339366677546761	0.0709048271667255	0.0	0.16500229421718188	0.6505965656102891	0.18606127241030607	0.16500229421718188	0.0
0.0	0.7710557518723358	1.3157338736806883	1.2626661432754311	0.7710557518723358	0.0	0.18175655446926306	0.17143270648371875	1.3157338736806883	0.18175655446926306	0.0	0.046676837976525616	1.2626661432754311	0.17143270648371875	0.046676837976525616	0.0
0.0	0.25561210517774646	0.3631460502855106	0.36849318097908373	0.25561210517774646	0.0	0.10124711263829786	0.22553736866223256	0.3631460502855106	0.10124711263829786	0.0	0.177381893726505	0.36849318097908373	0.22553736866223256	0.177381893726505	0.0
0.0	0.27179487196822344	0.24280584229095226	0.36710256624111465	0.27179487196822344	0.0	0.09784735119830441	0.29352793725144716	0.24280584229095226	0.09784735119830441	0.0	0.1537391196309418	0.36710256624111465	0.29352793725144716	0.1537391196309418	0.0
0.0	0.6883935043674427	0.6330134321132663	0.5982287943639892	0.6883935043674427	0.0	0.10648473657804808	0.2085009127497928	0.6330134321132663	0.10648473657804808	0.0	0.07235205795096092	0.5982287943639892	0.2085009127497928	0.07235205795096092	0.0
0.0	0.7062298718031824	0.6194010113300203	0.8171289068602303	0.7062298718031824	0.0	0.16109669012000571	0.35777656696601357	0.6194010113300203	0.16109669012000571	0.0	0.14695943966537472	0.8171289068602303	0.35777656696601357	0.14695943966537472	0.0
0.0	0.9847190139557134	0.8838330576584082	1.2989002927255129	0.9847190139557134	0.0	0.23326581695899318	0.17867172632628978	0.8838330576584082	0.23326581695899318	0.0	0.25598386664669626	1.2989002927255129	0.17867172632628978	0.25598386664669626	0.0
0.0	0.36843769864302767	0.4955614243838025	0.5191203942116457	0.36843769864302767	0.0	0.07615049905898119	0.15532131848622807	0.4955614243838025	0.07615049905898119	0.0	0.11794229421465606	0.5191203942116457	0.15532131848622807	0.11794229421465606	0.0
0.0	0.32839195433955237	0.30215285686335824	0.40211580376498374	0.32839195433955237	0.0	0.235177099409822	0.3438278135744423	0.30215285686335824	0.235177099409822	0.0	0.09061040294577924	0.40211580376498374	0.3438278135744423	0.09061040294577924	0.0
0.0	0.35440334970800513	0.5115687478819004	0.5975045465893576	0.35440334970800513	0.0	0.14201931592856978	0.3477089964008709	0.5115687478819004	0.14201931592856978	0.0	0.15055129391698338	0.5975045465893576	0.3477089964008709	0.15055129391698338	0.0
0.0	0.31425238492431895	0.6103639557817108	0.4996972845526748	0.31425238492431895	0.0	0.10042894459466992	0.11000781032523126	0.6103639557817108	0.10042894459466992	0.0	0.09867474694868009	0.4996972845526748	0.11000781032523126	0.09867474694868009	0.0
0.0	0.7281756349792246	1.0839403604778153	1.2139785323740777	0.7281756349792246	0.0	0.1833929787850993	0.20529109517539926	1.0839403604778153	0.1833929787850993	0.0	0.1483552832961037	1.2139785323740777	0.20529109517539926	0.1483552832961037	0.0
0.0	0.493184691839323	0.7564813275819149	0.8265723886423284	0.493184691839323	0.0	0.1584646149753419	0.19789082528938215	0.7564813275819149	0.1584646149753419	0.0	0.08343708399188578	0.8265723886423284	0.19789082528938215	0.08343708399188578	0.0
0.0	0.6004808797366705	0.7919396063163057	1.012819861846925	0.6004808797366705	0.0	0.10970339737794785	0.31310193532926744	0.7919396063163057	0.10970339737794785	0.0	0.21098897663489138	1.012819861846925	0.31310193532926744	0.21098897663489138	0.0
0.0	0.37049895237329994	0.4604328216266431	0.6894785010065455	0.37049895237329994	0.0	0.08776314373463065	0.4332439649534244	0.4604328216266431	0.08776314373463065	0.0	0.3849789024941808	0.6894785010065455	0.4332439649534244	0.3849789024941808	0.0
0.0	0.27752824697147366	0.49839362158737416	0.639792747155555	0.27752824697147366	0.0	0.13340826477737297	0.238745773652854	0.49839362158737416	0.13340826477737297	0.0	0.10547352566994173	0.639792747155555	0.238745773652854	0.10547352566994173	0.0
0.0	0.46032426482223227	0.7588918676522889	0.7850999000488939	0.46032426482223227	0.0	0.17368734687017895	0.2186186983434248	0.7588918676522889	0.17368734687017895	0.0	0.051288809539532576	0.7850999000488939	0.2186186983434248	0.051288809539532576	0.0
0.0	0.445619594212819	0.35859010697211746	0.4390621770408946	0.445619594212819	0.0	0.061957149583069665	0.21142108542115945	0.35859010697211746	0.061957149583069665	0.0	0.11160794975759493	0.4390621770408946	0.21142108542115945	0.11160794975759493	0.0
0.0	0.5013117983870684	0.512427855502234	0.5815800340942271	0.5013117983870684	0.0	0.07101979333729035	0.14984503619434478	0.512427855502234	0.07101979333729035	0.0	0.08211600013550603	0.5815800340942271	0.14984503619434478	0.08211600013550603	0.0
0.0	0.579192823273662	0.7787978775990496	1.1271170782597102	0.579192823273662	0.0	0.0466577715745269	0.1319396726685198	0.7787978775990496	0.0466577715745269	0.0	0.08410244445201111	1.1271170782597102	0.1319396726685198	0.08410244445201111	0.0
0.0	0.303424388094876	0.3854733905301842	0.6903167432655454	0.303424388094876	0.0	0.0501643742093926	0.2211031315549584	0.3854733905301842	0.0501643742093926	0.0	0.21563734965972076	0.6903167432655454	0.2211031315549584	0.21563734965972076	0.0
0.0	0.21074558323683912	0.3295424663666821	0.33029591140806586	0.21074558323683912	0.0	0.08847959182103125	0.11579898975271287	0.3295424663666821	0.08847959182103125	0.0	0.05304056101200826	0.33029591140806586	0.11579898975271287	0.05304056101200826	0.0
0.0	0.8711297153081555	1.1563878326039576	1.308782888900525	0.8711297153081555	0.0	0.160521745100922	0.22779751515472865	1.1563878326039576	0.160521745100922	0.0	0.17026489334964975	1.308782888900525	0.22779751515472865	0.17026489334964975	0.0
0.0	0.6969251452443567	1.0560241444778913	1.1356173620363157	0.6969251452443567	0.0	0.14134782594638867	0.21633349918685466	1.0560241444778913	0.14134782594638867	0.0	0.10678605189445162	1.1356173620363157	0.21633349918685466	0.10678605189445162	0.0
0.0	0.4732109896970126	0.5029594453821669	0.632101428180617	0.4732109896970126	0.0	0.3337808521111993	0.3763659134076837	0.5029594453821669	0.3337808521111993	0.0	0.12360815201885542	0.632101428180617	0.3763659134076837	0.12360815201885542	0.0
0.0	0.1522039449326343	0.25844547964156267	0.35458388708236044	0.1522039449326343	0.0	0.10649170435600057	0.2504718234123505	0.25844547964156267	0.10649170435600057	0.0	0.10770324220831567	0.35458388708236044	0.2504718234123505	0.10770324220831567	0.0
0.0	0.9551339376595456	0.9830137336516295	1.2701899425031082	0.9551339376595456	0.0	0.08577496747213874	0.1169586390177754	0.9830137336516295	0.08577496747213874	0.0	0.08811060999539286	1.2701899425031082	0.1169586390177754	0.08811060999539286	0.0
0.0	0.4971919847142652	0.6508677294836933	0.7319298510220837	0.4971919847142652	0.0	0.08843560115613198	0.24002670785033345	0.6508677294836933	0.08843560115613198	0.0	0.2207545062928942	0.7319298510220837	0.24002670785033345	0.2207545062928942	0.0
0.0	0.6035513213024957	0.7491758403735309	0.8949757445465644	0.6035513213024957	0.0	0.17598313557761086	0.29685472259218987	0.7491758403735309	0.17598313557761086	0.0	0.11850069140340717	0.8949757445465644	0.29685472259218987	0.11850069140340717	0.0
0.0	0.2526997396983685	0.4435697881887022	0.5422246811183941	0.2526997396983685	0.0	0.09482640511853672	0.2003220903931701	0.4435697881887022	0.09482640511853672	0.0	0.12649928201426447	0.5422246811183941	0.2003220903931701	0.12649928201426447	0.0
0.0	0.44889388373159683	0.42763769750747566	0.4952952342219417	0.44889388373159683	0.0	0.07362008639238937	0.15204988895063085	0.42763769750747566	0.07362008639238937	0.0	0.05052506040780753	0.4952952342219417	0.15204988895063085	0.05052506040780753	0.0
0.0	0.4677244730299	0.5952409488335565	0.6466878624007044	0.4677244730299	0.0	0.07198442675782162	0.15534952729832693	0.5952409488335565	0.07198442675782162	0.0	0.09539902747203582	0.6466878624007044	0.15534952729832693	0.09539902747203582	0.0
0.0	0.472554307614572	0.49680881082031714	0.6264021405095259	0.472554307614572	0.0	0.12574777201055504	0.25315704771868314	0.49680881082031714	0.12574777201055504	0.0	0.07521345284056273	0.6264021405095259	0.25315704771868314	0.07521345284056273	0.0
0.0	0.5897643553949091	0.595851276276367	0.6656599649775811	0.5897643553949091	0.0	0.10200322372296645	0.257256246070327	0.595851276276367	0.10200322372296645	0.0	0.1593425942570524	0.6656599649775811	0.257256246070327	0.1593425942570524	0.0
0.0	0.8779154425538824	1.0557863634744529	1.4004002877662558	0.8779154425538824	0.0	0.1171738089321218	0.2979937362145226	1.0557863634744529	0.1171738089321218	0.0	0.15155436120196686	1.4004002877662558	0.2979937362145226	0.15155436120196686	0.0
0.0	0.7431656510366633	0.858789738830534	1.1100514279739213	0.7431656510366633	0.0	0.1592224804415452	0.6160411806763613	0.858789738830534	0.1592224804415452	0.0	0.337902835873644	1.1100514279739213	0.6160411806763613	0.337902835873644	0.0
0.0	0.6782685944314591	0.9538153905354635	1.1983964852059747	0.6782685944314591	0.0	0.10197624510592479	0.22461221420695954	0.9538153905354635	0.10197624510592479	0.0	0.0951159019553573	1.1983964852059747	0.22461221420695954	0.0951159019553573	0.0
0.0	0.6957168638255355	0.7465746554316475	0.8087483055659639	0.6957168638255355	0.0	0.12344535085754366	0.18257592277472665	0.7465746554316475	0.12344535085754366	0.0	0.051458780331465885	0.8087483055659639	0.18257592277472665	0.051458780331465885	0.0
0.0	0.42138453807658494	0.6482509985813862	0.7531979751124956	0.42138453807658494	0.0	0.13023678759665325	0.17980949154099968	0.6482509985813862	0.13023678759665325	0.0	0.18269233564520065	0.7531979751124956	0.17980949154099968	0.18269233564520065	0.0
0.0	0.3436270109291824	0.3522024452321716	0.5593985626004058	0.3436270109291824	0.0	0.10550419095441814	0.20727282151096518	0.3522024452321716	0.10550419095441814	0.0	0.18244345093073436	0.5593985626004058	0.20727282151096518	0.18244345093073436	0.0
0.0	0.3765755220785748	0.4744785021458968	0.5069941282094574	0.3765755220785748	0.0	0.07582301288800311	0.1530583517380314	0.4744785021458968	0.07582301288800311	0.0	0.06946898553426678	0.5069941282094574	0.1530583517380314	0.06946898553426678	0.0
0.0	0.31016358285665974	0.36891752489011986	0.4630874117104698	0.31016358285665974	0.0	0.21158254190285047	0.377670029697013	0.36891752489011986	0.21158254190285047	0.0	0.11163533291588182	0.4630874117104698	0.377670029697013	0.11163533291588182	0.0
0.0	0.6846114965453574	1.01557203120663	1.2943199269808845	0.6846114965453574	0.0	0.10207964557096487	0.2237925689131469	1.01557203120663	0.10207964557096487	0.0	0.09737079114048745	1.2943199269808845	0.2237925689131469	0.09737079114048745	0.0
0.0	0.35488256537384727	0.4985666643422684	0.5032241501319556	0.35488256537384727	0.0	0.11615829215609053	0.13150600970279938	0.4985666643422684	0.11615829215609053	0.0	0.05015220780585058	0.5032241501319556	0.13150600970279938	0.05015220780585058	0.0
0.0	0.236317139100733	0.296520857658767	0.47949683505552326	0.236317139100733	0.0	0.04458573482199029	0.19895123871496923	0.296520857658767	0.04458573482199029	0.0	0.1007021277975924	0.47949683505552326	0.19895123871496923	0.1007021277975924	0.0
0.0	0.5448174086230723	0.474557893889955	0.41470304531291763	0.5448174086230723	0.0	0.08933259064067807	0.19189521976368715	0.474557893889955	0.08933259064067807	0.0	0.12164076796668773	0.41470304531291763	0.19189521976368715	0.12164076796668773	0.0
0.0	0.7911875268412754	0.9276034947834508	1.4212952429299035	0.7911875268412754	0.0	0.21762137466335327	0.612674272434022	0.9276034947834508	0.21762137466335327	0.0	0.22909094116416814	1.4212952429299035	0.612674272434022	0.22909094116416814	0.0
0.0	0.5629094464465049	0.7287093880599509	1.0469968070681113	0.5629094464465049	0.0	0.09779673089709548	0.3706921470478467	0.7287093880599509	0.09779673089709548	0.0	0.3131800568086545	1.0469968070681113	0.3706921470478467	0.3131800568086545	0.0
0.0	0.36771071495246127	0.47879016066894264	0.6241149527923764	0.36771071495246127	0.0	0.029866800753595893	0.11006979433399355	0.47879016066894264	0.029866800753595893	0.0	0.08667805622853869	0.6241149527923764	0.11006979433399355	0.08667805622853869	0.0
0.0	0.5700884201490478	0.6499766939099539	1.528109252952668	0.5700884201490478	0.0	0.02417332536724484	0.31647335360822354	0.6499766939099539	0.02417332536724484	0.0	0.3095532782801414	1.528109252952668	0.31647335360822354	0.3095532782801414	0.0
0.0	0.2444127989800415	0.3589129411911389	0.45389981564020393	0.2444127989800415	0.0	0.07412475962782901	0.33399895983053246	0.3589129411911389	0.07412475962782901	0.0	0.3116641644723996	0.45389981564020393	0.33399895983053246	0.3116641644723996	0.0
0.0	0.28223567050078724	0.3313451791829359	0.41742866929559364	0.28223567050078724	0.0	0.08190850581874863	0.14767044359187026	0.3313451791829359	0.08190850581874863	0.0	0.02987722086823279	0.41742866929559364	0.14767044359187026	0.02987722086823279	0.0
0.0	0.7844655381827034	1.1690296047226434	1.3006181615587344	0.7844655381827034	0.0	0.27056796135331956	0.5141901572657916	1.1690296047226434	0.27056796135331956	0.0	0.1592217629378419	1.3006181615587344	0.5141901572657916	0.1592217629378419	0.0
0.0	0.5059062917780264	0.6246314467488616	0.6656864766167557	0.5059062917780264	0.0	0.04924036110099058	0.1774697044975646	0.6246314467488616	0.04924036110099058	0.0	0.10710811248161227	0.6656864766167557	0.1774697044975646	0.10710811248161227	0.0
0.0	0.509252953461456	0.6387485176779446	0.7766092965608532	0.509252953461456	0.0	0.16040255937522352	0.3060658224810095	0.6387485176779446	0.16040255937522352	0.0	0.057909264428925966	0.7766092965608532	0.3060658224810095	0.057909264428925966	0.0
0.0	0.6583262090955344	0.7546475657794948	0.9605165883793361	0.6583262090955344	0.0	0.03105513429812683	0.23139230404442196	0.7546475657794948	0.03105513429812683	0.0	0.14087294982901352	0.9605165883793361	0.23139230404442196	0.14087294982901352	0.0
0.0	0.22118415453657875	0.6250570056955933	0.3896289334818591	0.22118415453657875	0.0	0.3524025138979056	0.1681930547130688	0.6250570056955933	0.3524025138979056	0.0	0.15519703793782055	0.3896289334818591	0.1681930547130688	0.15519703793782055	0.0
0.0	0.5305487147452357	0.7706487838460889	0.6863714813867792	0.5305487147452357	0.0	0.12238448550831134	0.21988879288524096	0.7706487838460889	0.12238448550831134	0.0	0.1290254479401146	0.6863714813867792	0.21988879288524096	0.1290254479401146	0.0
0.0	0.4805259842492046	0.7238415896070347	0.7892477497803186	0.4805259842492046	0.0	0.11087046225366921	0.12982735829087605	0.7238415896070347	0.11087046225366921	0.0	0.05567887765601621	0.7892477497803186	0.12982735829087605	0.05567887765601621	0.0
0.0	0.36306086400823967	0.45635407395455113	0.4868914379523891	0.36306086400823967	0.0	0.2175433665256789	0.3679865741650824	0.45635407395455113	0.2175433665256789	0.0	0.20202603830666913	0.4868914379523891	0.3679865741650824	0.20202603830666913	0.0
0.0	0.2779694297959893	0.36079300484549093	0.5525995348225674	0.2779694297959893	0.0	0.06891261987133249	0.21568522019525455	0.36079300484549093	0.06891261987133249	0.0	0.08405332799620181	0.5525995348225674	0.21568522019525455	0.08405332799620181	0.0
0.0	0.4983739604713852	0.5776949203342525	0.6743989927687454	0.4983739604713852	0.0	0.09985325252229592	0.21175099156184365	0.5776949203342525	0.09985325252229592	0.0	0.13092909537676445	0.6743989927687454	0.21175099156184365	0.13092909537676445	0.0
0.0	0.9945681061777375	0.9677232191625769	1.1011738481254654	0.9945681061777375	0.0	0.15687317556488856	0.15109139049318732	0.9677232191625769	0.15687317556488856	0.0	0.039934146742538555	1.1011738481254654	0.15109139049318732	0.039934146742538555	0.0
0.0	0.32769918195500364	0.6479598990409369	0.5994436247176621	0.32769918195500364	0.0	0.4128988959021856	0.32656295921303813	0.6479598990409369	0.4128988959021856	0.0	0.11558596351884327	0.5994436247176621	0.32656295921303813	0.11558596351884327	0.0
0.0	0.3162081871275681	0.4744590521298052	0.6196541066798396	0.3162081871275681	0.0	0.30753299420463787	0.48264307959406744	0.4744590521298052	0.30753299420463787	0.0	0.06891947810848144	0.6196541066798396	0.48264307959406744	0.06891947810848144	0.0
0.0	0.7043020838668131	0.5503423692739436	0.8071786468433606	0.7043020838668131	0.0	0.21343812919054617	0.23639562815634718	0.5503423692739436	0.21343812919054617	0.0	0.2995974750476346	0.8071786468433606	0.23639562815634718	0.2995974750476346	0.0
0.0	0.6927929067933075	0.8646171014831263	0.9670338102628713	0.6927929067933075	0.0	0.04753219964526789	0.10832957691310695	0.8646171014831263	0.04753219964526789	0.0	0.06985420774846647	0.9670338102628713	0.10832957691310695	0.06985420774846647	0.0
0.0	0.8866244871252539	0.9027002368134311	1.1778161006064694	0.8866244871252539	0.0	0.16982185717295215	0.4098457622313243	0.9027002368134311	0.16982185717295215	0.0	0.33636985287896665	1.1778161006064694	0.4098457622313243	0.33636985287896665	0.0
0.0	0.27412021643894685	0.44376729076582666	0.6131696013451781	0.27412021643894685	0.0	0.05455304699424434	0.16814702436744827	0.44376729076582666	0.05455304699424434	0.0	0.06987669652610806	0.6131696013451781	0.16814702436744827	0.06987669652610806	0.0
0.0	0.5032035308402805	0.6175940974020303	0.8167034228751824	0.5032035308402805	0.0	0.05897041151768703	0.18607568651410195	0.6175940974020303	0.05897041151768703	0.0	0.17541554782672403	0.8167034228751824	0.18607568651410195	0.17541554782672403	0.0
0.0	0.6471619820623827	1.1411985336884118	0.7460551450723604	0.6471619820623827	0.0	0.09213863978296252	0.23226667300361062	1.1411985336884118	0.09213863978296252	0.0	0.42350757679725054	0.7460551450723604	0.23226667300361062	0.42350757679725054	0.0
0.0	0.49341401092242176	0.47436815464368914	0.5567025430290524	0.49341401092242176	0.0	0.10103199036766654	0.24297705259384944	0.47436815464368914	0.10103199036766654	0.0	0.13510396630396435	0.5567025430290524	0.24297705259384944	0.13510396630396435	0.0
0.0	0.6570532381018213	1.0880493349723175	0.7063453458255792	0.6570532381018213	0.0	0.15782423013278024	0.09452095633422965	1.0880493349723175	0.15782423013278024	0.0	0.14898209566367743	0.7063453458255792	0.09452095633422965	0.14898209566367743	0.0
0.0	0.3129278422829157	0.47922605025256876	0.6446410029992	0.3129278422829157	0.0	0.17466646969032795	0.39172555195081266	0.47922605025256876	0.17466646969032795	0.0	0.11095958880210365	0.6446410029992	0.39172555195081266	0.11095958880210365	0.0
0.0	0.29204159412721525	0.44272011970573866	0.5244515942243512	0.29204159412721525	0.0	0.11409567068267286	0.25315579766515656	0.44272011970573866	0.11409567068267286	0.0	0.08188079520412965	0.5244515942243512	0.25315579766515656	0.08188079520412965	0.0
0.0	0.4406108277553268	0.4805237253785655	0.7054889936720098	0.4406108277553268	0.0	0.1325543145865907	0.25028115291316305	0.4805237253785655	0.1325543145865907	0.0	0.21368937757966947	0.7054889936720098	0.25028115291316305	0.21368937757966947	0.0
0.0	0.5187778175984751	0.6342019601168348	0.7766774376159086	0.5187778175984751	0.0	0.20809746712601232	0.4240086868131883	0.6342019601168348	0.20809746712601232	0.0	0.08283384667304049	0.7766774376159086	0.4240086868131883	0.08283384667304049	0.0
0.0	0.19828319900323135	0.4000258394198285	0.5312589120579178	0.19828319900323135	0.0	0.2371112595755351	0.4146553153825007	0.4000258394198285	0.2371112595755351	0.0	0.12528013594417534	0.5312589120579178	0.4146553153825007	0.12528013594417534	0.0
0.0	0.6534946346060693	0.9287984601356885	0.9095704086464947	0.6534946346060693	0.0	0.1135017192314049	0.18242344476313285	0.9287984601356885	0.1135017192314049	0.0	0.1821166051308122	0.9095704086464947	0.18242344476313285	0.1821166051308122	0.0
0.0	0.8897213857601826	1.4335054902336763	1.570628064430236	0.8897213857601826	0.0	0.10730228929239528	0.15659419740389594	1.4335054902336763	0.10730228929239528	0.0	0.09229783100778585	1.570628064430236	0.15659419740389594	0.09229783100778585	0.0
0.0	0.5309027439696262	0.6582354266590927	0.8915735120239981	0.5309027439696262	0.0	0.19115462047689635	0.6007719405959188	0.6582354266590927	0.19115462047689635	0.0	0.280114870506682	0.8915735120239981	0.6007719405959188	0.280114870506682	0.0
0.0	0.378757113745794	0.3836255620122102	0.4617150340101357	0.378757113745794	0.0	0.1384870928768422	0.3632402345468715	0.3836255620122102	0.1384870928768422	0.0	0.11662909662717832	0.4617150340101357	0.3632402345468715	0.11662909662717832	0.0
0.0	0.9664467360334311	1.2125044242574021	1.7601053417402044	0.9664467360334311	0.0	0.139387307134258	0.34250458759867963	1.2125044242574021	0.139387307134258	0.0	0.09766838899056447	1.7601053417402044	0.34250458759867963	0.09766838899056447	0.0
0.0	0.3436137640810854	0.4212740619431004	0.47591421457431876	0.3436137640810854	0.0	0.04969893596826681	0.14633384733368604	0.4212740619431004	0.04969893596826681	0.0	0.136943830954668	0.47591421457431876	0.14633384733368604	0.136943830954668	0.0
0.0	0.480174795983114	0.4627176753870994	0.5221197182221261	0.480174795983114	0.0	0.07699140109311273	0.21836180225615456	0.4627176753870994	0.07699140109311273	0.0	0.12948174557390296	0.5221197182221261	0.21836180225615456	0.12948174557390296	0.0
0.0	0.25607824075790303	0.3286823035626494	0.3686179153260736	0.25607824075790303	0.0	0.14801026579571822	0.17018192705405616	0.3286823035626494	0.14801026579571822	0.0	0.10431074082331022	0.3686179153260736	0.17018192705405616	0.10431074082331022	0.0
0.0	0.579805704580978	0.6766613014879982	0.8553410735891842	0.579805704580978	0.0	0.12340170212944748	0.23797585662424794	0.6766613014879982	0.12340170212944748	0.0	0.09316176472966721	0.8553410735891842	0.23797585662424794	0.09316176472966721	0.0
0.0	0.8662969271230462	0.9902093844829536	1.1324771826113404	0.8662969271230462	0.0	0.05864423676987005	0.2096706789041102	0.9902093844829536	0.05864423676987005	0.0	0.13383366921657613	1.1324771826113404	0.2096706789041102	0.13383366921657613	0.0
0.0	0.16795280544441482	0.2783130659934654	0.5044028726943268	0.16795280544441482	0.0	0.10616099422819385	0.31502605795273997	0.2783130659934654	0.10616099422819385	0.0	0.10175806761281397	0.5044028726943268	0.31502605795273997	0.10175806761281397	0.0
0.0	0.3308948774466078	0.6228678073895726	0.47566416949035295	0.3308948774466078	0.0	0.14535468011264835	0.08826405548302639	0.6228678073895726	0.14535468011264835	0.0	0.10497667683892797	0.47566416949035295	0.08826405548302639	0.10497667683892797	0.0
