(0, 1)	(0, 1)	(0, 1)	(0, 1)	(0, 1)	(0, 1)	(0, 2)	(0, 2)	(0, 2)	(0, 2)	(0, 2)	(0, 2)	
Continuity_L	Free_L	Continuity_t1	Free_t1	Continuity_t2	Free_t2	Continuity_L	Free_L	Continuity_t1	Free_t1	Continuity_t2	Free_t2	
6711.7654273123	6711.413828830892	0.04968737225482673	0.04216613070100614	0.006586025709061287	0.013783571632840115	6892.320082528537	6533.180263119905	0.4353892450968345	0.12708910586738964	0.024588590494085582	0.9814148824518013	
6975.980411323658	6975.980411323949	0.07648489228970554	0.07648490919115204	0.08899583311336932	1e-10	6068.605365959884	5695.475632779249	0.5056120740327835	0.1797705134824289	0.013943494302977767	0.9940185668544244	
7526.450628533109	7525.9082844309805	0.058497538064216106	0.04957523344927133	0.11498006448059454	0.01844251744347773	5547.960542396626	5130.087373889792	0.4761595720633211	0.14627395561730097	0.035306402851218256	1.0446670337842343	
6976.767654551642	6976.767654564316	0.038425009896049384	0.03842494406346899	0.019871094145193027	1e-10	5281.200049382025	4726.267578699019	0.4530322490629122	0.08878023804283898	0.03228556537475948	1.1893505258424455	
7189.359393027826	7189.258894040467	0.08908489408931408	0.08508527536641673	0.04795432949252205	0.008218967422528794	6049.238258269981	5669.956967598592	0.4777340422723019	0.15035988374145726	0.01055248787992541	1.043415029481429	
7744.9045737197175	7744.904573724051	0.05293505473457034	0.052935006064402976	0.10616911398386246	1e-10	6619.6884062040435	6234.276545281165	0.4283200578739649	0.1079869912828473	0.01055958224073904	0.9969715079188006	
6441.753800683335	6441.732237122732	0.0763365937916815	0.07449406580239347	0.04435216889482907	0.0033386337224488756	7315.442983121924	6997.429068302516	0.4586658234815613	0.1584223812541802	0.0719898004554192	1.012279471868667	
6842.727687865436	6842.111568598551	0.08568784360605121	0.0761009654513857	0.027042937812339216	0.01922225891487287	7088.086246536876	6722.644659114295	0.43583344564712095	0.13962891469462196	0.0015560566987779568	1.1319722430772794	
7524.3412973197	7524.341297325154	0.06092274290582138	0.0609227449623763	0.039129294541701914	1e-10	6386.763885689799	5982.236432866186	0.43618570671965695	0.1210223309970842	0.1339402231168956	1.0895688033889706	
6072.702293667635	6071.865599291409	0.07536116450024066	0.06415142538196791	0.039869943957350426	0.02079788013308108	5834.8839270313	5369.293247612443	0.46279123566671004	0.11157729718545127	0.07583528383825319	1.1701697019482702	
7399.535496105319	7399.535496108338	0.0832488910496117	0.08324888269181514	0.07037253310928059	1e-10	6555.871763506235	6036.4521736422075	0.47519429249960554	0.11732904912744996	0.016199840291693943	1.283728531820419	
7098.476429017471	7098.476429018377	0.07970716702699727	0.07970709031809853	0.10280999698223496	1e-10	6959.076102241647	6593.055191859617	0.4542121544255382	0.14589492102594628	0.11606248513917364	1.186632008976756	
6871.905906912383	6871.5610285268785	0.0804281427798678	0.07321992462554035	0.026019735090736087	0.013932655638589041	5852.567821257752	5421.151510679768	0.4705708849758034	0.1455917201637005	0.05360353014045649	1.0510524652241804	
6977.722328948839	6977.6310549982545	0.07584240143617552	0.07218244957062762	0.0025880796277598663	0.006938219348686937	7188.585805556642	6808.446310996701	0.4210539820493438	0.12573526720268197	0.10081433032885957	1.182695354112777	
8075.090129101882	8075.090129103999	0.06334786764692871	0.06334781802552317	0.0038983414537354455	1e-10	5192.50412629363	4724.198091511586	0.5182999419638896	0.133648964365168	0.07377651748926677	1.2095140737385248	
7722.714363774568	7722.714363775022	0.04154450875737956	0.04154448558914796	0.12826063024215636	1e-10	4994.541956536909	4469.781772249506	0.5006397437036997	0.12935390574608593	0.0022440995743076017	1.0950342363350427	
8465.067180688675	8464.645827652383	0.06686104614443367	0.05811052632254964	0.10578016051609541	0.0184943705316244	7643.665178657847	7307.659873161563	0.4351301119082269	0.13628938321989967	0.022804950565387186	1.0760299660381827	
6531.623621233169	6531.447155420363	0.08482270883710752	0.07977456311187804	0.02799209350200315	0.009457134342850773	5741.894287543541	5239.312574063187	0.48429899725884	0.12195257467121258	0.0005316854335422366	1.1154095508762567	
6879.562293153797	6878.966152079664	0.04225842427423409	0.03334170050918635	0.03215414229834315	0.017404934417702092	6347.849789551352	5965.605969369568	0.4010376015623239	0.10852202201804768	0.09252654443437795	1.0453831037332693	
6923.81384539197	6923.774646672889	0.07284378554429768	0.0703154713613911	0.005441171227994341	0.004809498605298454	5778.7809443018705	5433.626473159917	0.47711753294464465	0.16298867526736482	0.04069474232867635	0.9665833128441061	
7617.869981611776	7617.857333946214	0.07594928737665647	0.07451004502948465	0.03441225465841886	0.0031093019716523173	5818.512293459201	5365.4355014064295	0.5257487770751937	0.16979757499190426	0.17841859434918114	1.312123180171544	
7393.338516687172	7393.3385166905255	0.05473604200773539	0.05473612026117627	0.04022106168309282	1e-10	6045.997373118825	5630.0288180122625	0.4703028126204746	0.12559276511545742	0.07199398437652955	1.1238581826021203	
7858.527624047701	7858.527624050431	0.06643840889984678	0.06643831400020413	0.02146265718673877	1e-10	6619.821945312967	6172.835665595859	0.4692320793894187	0.13407704753766245	0.024278343164468374	1.1908638432364043	
7946.225027458988	7946.225027470463	0.06112919724356442	0.06112919771974687	0.008490090958268384	1e-10	6651.472720984143	6178.491364760017	0.5290706374382339	0.16404155836828507	0.06196583184635546	1.403531042704973	
7973.201079064333	7973.201079067616	0.08140078729728409	0.081400779467076	0.021789456955284878	1e-10	5455.509853406416	5055.932501624962	0.47584241164518515	0.14072682010599805	0.001127226571573287	0.9742829260351886	
6802.512751441396	6802.417979690201	0.05024138410782052	0.046772711460225776	0.007005075330692853	0.006606052319644562	6348.274400991526	5905.794149172915	0.41502216903019545	0.0937860559128975	0.006474998578233911	1.134236652825812	
6999.303828411629	6999.303828416579	0.06624779049024228	0.0662477677744964	0.008673172634350683	1e-10	6056.31189184052	5576.6797882538	0.46408981258654464	0.10804156944667968	0.10001231464336027	1.2387144241077825	
6818.368220551001	6818.36063928023	0.08895374173623592	0.08789508943493518	0.006266746763120122	0.0020987918157157124	5163.646415194776	4635.076102427352	0.5339012264346454	0.1389109981756342	0.004273971313399186	1.273441718382654	
7016.5441492416185	7015.889171272289	0.06418788387057191	0.053876119489326274	0.019721633506855036	0.01926713209836974	5649.9791039350475	5230.052572911272	0.47041933738634145	0.13224996387787818	0.007014078754018982	0.9881771147329946	
7313.071727651141	7312.981530364738	0.0656997155463871	0.0619875731023914	0.056795883844915816	0.007495502982981934	5960.664720539247	5422.201757465948	0.4603580753781767	0.07973912301826837	0.01844118417705486	1.3310245303865944	
7343.15931873259	7343.157767792475	0.06631853724119577	0.06585519972470164	0.05227897407809109	0.0009497902147678309	7232.510716142315	6774.079633307137	0.48174242326005895	0.15395412298001013	0.005851339076500229	1.3813857678184451	
7671.891430442034	7671.891430448269	0.08991338448765385	0.08991335975478425	0.04782145627529293	1e-10	6425.1091504518645	5979.145836071635	0.4896950813370428	0.1393020692688005	0.0017155394628580586	1.2555176716672891	
7657.311532199894	7657.311532200417	0.06739513453016886	0.06739510426709693	0.04077258801417848	1e-10	7607.717743046856	7271.245613372035	0.37533940968181795	0.0934164810956053	0.057761510633358125	1.016898374163396	
6908.182844092159	6907.8347741296275	0.0595443935912549	0.052501149773184964	0.019030988732865035	0.0140392158770228	7176.150949057666	6846.50994342194	0.4261295827721156	0.14244234094776353	0.13095326388561346	1.1390637625042401	
8056.911259068675	8056.605614208829	0.06373820975089095	0.057161413115936796	0.2	0.014293114850312896	5763.121147154234	5368.9774634996165	0.5040725920142375	0.1720103813863881	0.014399763703893505	1.0130005924439636	
7103.981262577467	7103.973723817723	0.07584233962060988	0.07478449530492251	0.06403577902301136	0.0020885799728272863	6974.305679333723	6540.005393406603	0.4997386762892635	0.17075981922748965	0.06333982076217991	1.3164141982423327	
6406.820406303194	6406.820406310576	0.07702771612765336	0.07702765908119624	0.02491450601248837	1e-10	6069.547045905113	5686.121715870617	0.48207704778417376	0.1674552740795492	0.01344395159948281	0.9824824999915687	
7548.657967927423	7548.633846956428	0.06973746842353257	0.06779469168774513	0.12627911477114914	0.003978905749519442	6866.329738217035	6387.85938669515	0.4332031042836475	0.09025389167526733	0.013303727247565456	1.274009256222584	
7998.245280882796	7998.013476133351	0.05152512476468065	0.045543585707621875	0.02848972599262482	0.01300438267187809	5147.8583546855425	4655.506584531953	0.5067451747688452	0.15081701817157925	0.003981952894122234	1.2113296757575083	
6338.978862373764	6338.978862373907	0.0836400153610032	0.083639956091775	0.009568307555183567	1e-10	5649.886895489692	5081.737952738307	0.5089871330480205	0.11275837711479618	0.035907229533509485	1.2499690469715559	
6702.420271146152	6702.420271148989	0.05771345338623395	0.05771345791509091	0.024037253055730727	1e-10	7057.132081474546	6747.296015426075	0.4449112170382973	0.1564748585908941	1e-10	1.0100213093701331	
6244.569217857065	6244.569217862926	0.06608008780578803	0.06608017403843773	0.004156501189949058	1e-10	6347.623478318914	5857.638938826405	0.5088368234099131	0.13783046364500823	0.02805147278340863	1.3470401075251324	
7093.901581480994	7093.724424400141	0.059709219874323954	0.05475498097009583	0.05168046459902458	0.010419990969421112	6346.70403829123	5896.912319744035	0.4826399059960414	0.1304811570392034	0.006817069743111469	1.2236877891442235	
7196.331430573594	7196.331430575601	0.07092656427801584	0.07092648772325032	0.09281812609152157	1e-10	6721.273629312075	6285.445810927114	0.44259057048034844	0.10205152139492192	0.0723594405585981	1.2759219572680414	
6681.885021893911	6681.885021900002	0.07413403381640953	0.07413408578793342	0.05770745982149839	1e-10	6707.364119216725	6292.667016622893	0.4445061964566608	0.12659123517778062	0.09768040919683064	1.2733340729978095	
7095.327426494258	7095.327426494557	0.06649756076300702	0.06649755595957774	0.06043076974569248	1e-10	6742.369968940167	6310.677124167925	0.47507056984598034	0.14348070215420008	0.0004699364362612594	1.2491355802821937	
6786.712155514254	6786.712155528599	0.07918361894848241	0.07918362740707971	0.025763560521026938	1e-10	5171.3916374928995	4590.38953816387	0.51972353838805	0.1246018487052937	0.05155706280490614	1.2878471995918332	
7349.212886509418	7349.212886517981	0.07422797896271988	0.07422804404341767	1e-10	1e-10	6363.5658552564755	5845.952435366941	0.5747448754523947	0.20277427568831347	0.11929974490664952	1.5085436854510963	
6784.058897528601	6783.898999708952	0.06190586321787043	0.05694467436280386	0.08410910417400373	0.009063098279420834	5752.878576495784	5306.355290281386	0.47487417136732496	0.13258218019892026	0.0048016287492465065	0.9753335302238041	
7816.473965512972	7816.216556733441	0.08105633502576279	0.07525927201050774	0.05475574604149724	0.013435190589006845	6762.509404878725	6312.06468163473	0.43821594953380205	0.12114612067027618	0.06239052235530124	1.2091725000071452	
8426.003004844417	8426.003004846461	0.05520590023097194	0.055205985844027486	0.2	1e-10	5269.6111744437685	4749.598888217754	0.5624283569787815	0.1692020346076534	0.004978037236226462	1.272865899545179	
7182.022555853768	7182.02255586078	0.07154853779304544	0.07154851925625262	0.05008231281125519	1e-10	7168.499175567533	6796.031577126737	0.45047500031323817	0.12572432431753955	1e-10	1.209559823301463	
7709.1199640656705	7708.751961954829	0.05768198811049082	0.04948859965698093	0.06302982439378302	0.017237111191162054	5421.500756842952	4821.405544078695	0.5447352489708946	0.11688685704874144	0.005566023939952455	1.5263876888827337	
7310.718970849503	7310.718970862589	0.07222032076457335	0.07222041964801892	0.002510726632667968	1e-10	5482.270216211256	5015.912318014272	0.46379867226104576	0.10517973038149174	0.05193099090350748	1.0809545071236457	
7045.4177255537215	7045.417725558039	0.10173240773588933	0.10173240997509116	0.055104566296908436	1e-10	5961.817371176322	5529.428019090639	0.5033459035682782	0.1756034767442216	0.03967432070678168	1.1864250668654128	
7114.0663468265	7114.066346829718	0.051197405611224406	0.05119739401626547	0.03354622709141297	1e-10	6181.201714594831	5670.5121409193125	0.4703451722491561	0.10532665065490512	0.02917037943059371	1.3408310662553506	
7075.295757047495	7075.295757048406	0.09298539363796783	0.0929852642122188	0.06195969336281299	1e-10	6812.72529398513	6356.591982054795	0.46278543623034474	0.12895910496863852	0.06634609397061769	1.2849685488058877	
6802.1159574837775	6801.98742323272	0.07548482552996913	0.07100884217892041	0.09188957199684163	0.009092340863903968	6421.945926077356	5923.316709409403	0.485524534232929	0.12646940401380294	0.19686833882945196	1.469046246451977	
7122.64945781104	7119.400224393399	0.08446259612429027	0.05996415635468963	0.06871464829475141	0.046183444051121986	4770.32086194233	4237.094109466314	0.5557575447777433	0.15035991234560317	0.003673989180799302	1.1519394915159764	
6558.504729903434	6558.169585856779	0.07394286745921295	0.06706013730772158	0.0014762585252049631	0.012518074205921105	5761.402379244452	5199.482463869641	0.47913306673872824	0.0988743013882387	0.04962331660017503	1.2713042940173038	
6605.463472557575	6605.463472564932	0.07561381355333184	0.07561380442575857	0.00657781323716377	1e-10	6549.5135716056975	6167.190355008845	0.44360500169778094	0.12649205042848122	0.03890857638812857	1.1238733897234885	
7061.119438780091	7061.119438787535	0.07643091426151587	0.0764309966869001	0.1342370697594177	1e-10	6060.366662873904	5726.175901410591	0.3975893493924667	0.10719029769278443	0.02575675561460131	0.9791049722156461	
6559.349744567504	6559.349744577702	0.07792524805254393	0.07792530782153957	0.030413248449102107	1e-10	6610.498186390988	6194.381309721661	0.46517946137131305	0.11922246816462356	0.15783530672534746	1.164906738339019	
7913.447704205763	7913.447704214471	0.0588877836919304	0.05888773243377664	0.0335625882863151	1e-10	6689.008844450697	6316.0979807276735	0.48156758798488786	0.1747205373916595	0.04294279306747404	1.0762145308948312	
8081.014699066092	8081.014699067151	0.06710989838402809	0.06710978852273872	0.12122961674657705	1e-10	5881.414173960806	5437.836276826705	0.471533760668172	0.11962516620479974	0.013380249588247073	1.0975655019404167	
7059.6472521747555	7059.647252176603	0.07488235875583858	0.0748825391138992	0.07041552572493406	1e-10	5095.913703660673	4663.125246391755	0.5171553168416463	0.1579296337743954	0.011689859705475118	1.094958440257637	
6551.253352672075	6551.253352672095	0.06653653892993493	0.06653650586635732	0.03629463915706198	1e-10	7059.978019577828	6665.923928226908	0.44399711872711256	0.1287692707351034	0.011198673161103045	1.1860210972509422	
6496.555257452555	6496.490143750857	0.08275588625656412	0.07931530602972035	0.03214693287027934	0.006369120877827707	5291.846171946678	4829.650192936042	0.4540032078030251	0.09256316705911148	0.027644040173333086	1.046341556959136	
6794.152629962539	6794.152629962631	0.07359638283772867	0.07359640977850447	0.051506539836545885	1e-10	6006.518913327268	5666.7532510157425	0.4681936592673516	0.15862024569202335	0.0006510385762503974	0.9693527677752891	
7077.137632486433	7077.137632487237	0.06075326707280897	0.0607532895170332	0.020904223994716208	1e-10	5290.619449367122	4733.945870561537	0.43645659894480304	0.07654399948173432	0.004099782346200938	1.1606156995381334	
6498.931176595735	6498.931176596133	0.07883026007128113	0.07883027233822967	0.023452554227268902	1e-10	5174.418739456337	4796.125730435572	0.47998338348392544	0.14872235943301557	0.011920194656945306	0.9134788666206731	
6206.52600946578	6206.523529426704	0.05842381412571589	0.05779305459318561	0.003924217335143378	0.001091062470142608	5428.979266142801	4953.154910896446	0.5270375428844097	0.1449539810583844	0.004890376459655859	1.1739688812356404	
7701.493034476952	7701.480203077424	0.06080523649190223	0.059301817530690464	0.06674549652917496	0.0031125295787272577	6435.0529097840945	5958.191744526095	0.4526065722037183	0.08414686570551143	0.09264394641475444	1.3387730999417489	
6671.61419029248	6671.614190295534	0.08630747384607114	0.08630755112579756	0.006442138577415369	1e-10	6459.342964203292	5935.833214829192	0.4762908552276553	0.13141644581455814	0.010959793514985557	1.3508399507512847	
6543.846155025005	6542.922059776439	0.07810268534762049	0.06551934100820438	0.057365391222253724	0.023928304414865594	6414.620822900288	5979.604465511933	0.4651378283891731	0.11938020549507758	0.06535931655723858	1.165583184688497	
7167.335053006476	7167.335053007684	0.06063992968213891	0.0606399322298067	0.03315427704501966	1e-10	5637.54309766226	5105.375603872488	0.4972232779055853	0.1299711110471177	0.03221827817350208	1.1993084927614677	
7022.98497191976	7022.894674070016	0.08058362024856332	0.07672664609051287	0.011413841222817628	0.00724844220837466	7005.705111562149	6554.068546120652	0.44442734965156977	0.12009267783118803	0.2	1.3091374538399068	
8651.264377946725	8651.264377946885	0.08838714272386292	0.08838696856407838	0.12213712813212671	1e-10	6576.593269909673	6128.328113976398	0.47076947159533217	0.15212471466963612	0.0013463495214871303	1.2185254581643108	
7313.414890640837	7313.414890648651	0.07467491722550014	0.0746748563645908	0.07634617236275451	1e-10	7366.020446157543	6965.675554617066	0.4348767754329363	0.11982591358509036	0.17297459811218371	1.2548125644470836	
6107.2718102359795	6107.271810241696	0.0827951425525133	0.0827950907913513	0.012617639199292532	1e-10	6476.328157757794	6108.181933921227	0.4559842915409597	0.12860046832551428	0.08342605382428735	0.9405894597664927	
8857.861518016194	8857.861518017486	0.05798481751333302	0.05798478920584269	0.13512991831744972	1e-10	6586.58935742825	6197.202128559717	0.4756562630861294	0.13792462858582283	1e-10	1.1681680348285894	
7509.478356693229	7509.478356701502	0.07452802932036424	0.07452798752960489	0.05699565788414509	1e-10	6405.416406063776	6052.680886522273	0.41849618601359395	0.12066692724620873	0.06986776050227253	1.0405532960458412	
7366.648843427233	7366.501030180316	0.07371490096759281	0.06895617084167036	0.06374076905283332	0.010042672503462887	5524.89904046908	5030.192043912132	0.5173195972419787	0.1452833333729223	0.01758142204204489	1.1745200694832034	
7806.233999740772	7806.233999752181	0.07036518320383651	0.07036517038682026	0.1263504284977712	1e-10	6616.322265065733	6241.801158233981	0.41242978612381886	0.1122078886000238	0.05591411528483563	1.139653933885233	
6256.514196820938	6256.514196823537	0.04973817882975058	0.04973820355610169	0.12032210364829128	1e-10	5583.045511173976	5168.769467272504	0.441653408637916	0.08678124881692206	1e-10	0.9880629947844677	
6248.473786758181	6248.118901327122	0.06712565449447647	0.05959509399648963	0.027046821095811153	0.013951482284433601	4988.698354080556	4426.7931554528905	0.5554280416189789	0.13663042463564687	0.024749970451949575	1.3888946164635383	
7097.0359957801675	7097.035995788343	0.06144032129534927	0.06144028975961523	0.04934948895443005	1e-10	6836.8438397126665	6360.528986092337	0.4664745543881625	0.11543419633084226	0.035748014758324724	1.3062129858263285	
7094.253122422446	7094.227853897966	0.058170245059461625	0.05594092485016864	0.03964166760756252	0.0041498690071311494	7114.862757578979	6700.964341152159	0.4374033137017312	0.10168632828021477	0.030958861819854685	1.3571326637742631	
7513.06733020131	7513.0673302108125	0.07604748047962062	0.07604751555222988	0.05796389198272946	1e-10	6601.921692844691	6111.439945294763	0.4434790547983139	0.09037821766258321	0.006258518226293842	1.2225195856983984	
7090.750128323784	7090.750128326076	0.05530517352807214	0.05530523571715619	0.10825745666233762	1e-10	7002.531529572307	6584.597092110541	0.46452503848155074	0.12523267272369437	0.07239537819778344	1.234560169291333	
5681.609101142336	5680.750749183622	0.08078856560146636	0.0691156351728826	0.028603154112014355	0.020982107456175406	5245.678456206287	4805.415020703274	0.5530060400300668	0.17670295375713374	0.03578184576590877	1.1964096918914333	
6933.653415806898	6933.653415813818	0.05686615525248949	0.05686622693166278	0.006111476236255222	1e-10	5867.822714377139	5417.96814210037	0.4712902527505751	0.13167606566235282	0.043285267091922014	1.2164943032503768	
6915.5648645789715	6915.5648645856545	0.0692911548912218	0.06929117095349992	0.06006992525203608	1e-10	6902.0460119822155	6490.038497554316	0.46569047877413067	0.11567755878710186	0.0014628481002148003	1.2066124711110529	
6906.380596144106	6906.38059615293	0.06804468992525142	0.06804471632565531	0.12659170272588935	1e-10	5512.020417455841	5013.47199808094	0.4759889213802042	0.12190846897398712	0.08752858650360411	1.1675008242483091	
6250.885310566235	6250.885310569254	0.0876666487164798	0.08766660420935406	0.018033619240845802	1e-10	6267.61851076018	5825.117568182258	0.4824269840407293	0.14622619112435148	0.11107996248051207	1.1985126408470204	
7033.809628184451	7033.6357311841	0.0748251767275065	0.06948478436247985	0.04224643756334772	0.00993517756403155	7619.712530990134	7162.9078103031525	0.46069273301985214	0.13540484095801406	0.043629275016228174	1.3550953581876852	
7566.722894310317	7566.722894316761	0.07130128877979763	0.07130134947184598	0.04364817428175938	1e-10	6913.287448483646	6510.692553023507	0.4385195227170275	0.13324072378721621	0.003963839245542624	1.153338584316434	
7409.105611597715	7409.066571859309	0.07007789487748216	0.06746697909056454	0.02595665400982829	0.005133516809289453	5716.782555847539	5274.950944584935	0.4988998073417663	0.14943934946724954	0.05646338106570597	1.1315134367758177	
6497.593923287059	6497.5939232887295	0.08058511551622634	0.08058512684045958	0.0040261223358717645	1e-10	5428.052893160041	5009.518953832361	0.5003312940023723	0.1426824657110861	0.004907520222924437	1.0557408849321788	
7013.295061435444	7013.295061441857	0.07478575866894496	0.07478569559147742	0.1298558823426711	1e-10	5373.630857564143	4968.105222991608	0.43861594973217777	0.12189954077474667	0.025953222101223587	1.0383179231178985	
