population in sample
0	0	1

generation in sample
0.0	5420.0	5420.0

expected_linearlized_fst_array
0.0	0.45166666666666666	0.5348333333333334	0.45166666666666666	0.0	0.08316666666666667	0.5348333333333334	0.08316666666666667	0.0	

mean_pi_array
0.76134691919191	0.7610860526315908	0.7610121052631696

median_pi_array
0.7606847474747385	0.7607500000000127	0.7638973684210619

std_pi_array
0.025854160728917865	0.023842134778359964	0.026866237774071988

mean_linearlized_fst_array
0.0	0.5948475487132414	0.6979667112900596	0.5948475487132414	0.0	0.10328826737252568	0.6979667112900596	0.10328826737252568	0.0

median_linearlized_fst_array
0.0	0.5902515111881321	0.697897552402373	0.5902515111881321	0.0	0.10409853994290234	0.697897552402373	0.10409853994290234	0.0

std_linearlized_fst_array
0.0	0.029245582044110832	0.03319326247888664	0.029245582044110832	0.0	0.00895401826625914	0.03319326247888664	0.00895401826625914	0.0

linearlized_fst_array		pi_array
0.0	0.6285504346669067	0.7370733897990012	0.6285504346669067	0.0	0.1033286483720267	0.7370733897990012	0.1033286483720267	0.0	0.753279393939384	0.7920052631579101	0.7920105263158015
0.0	0.5825350115939807	0.6494365610410887	0.5825350115939807	0.0	0.09169862699763229	0.6494365610410887	0.09169862699763229	0.0	0.775207272727265	0.7770263157894853	0.7846684210526418
0.0	0.5767551004200958	0.6595085709594061	0.5767551004200958	0.0	0.1045325362435048	0.6595085709594061	0.1045325362435048	0.0	0.7729278787878706	0.763068421052642	0.775863157894748
0.0	0.586345599278077	0.6961008657776661	0.586345599278077	0.0	0.09620666856222901	0.6961008657776661	0.09620666856222901	0.0	0.7622939393939282	0.7528210526315893	0.78353157894738
0.0	0.5900328991668128	0.6899274490720912	0.5900328991668128	0.0	0.08963386600161863	0.6899274490720912	0.08963386600161863	0.0	0.762675353535344	0.7564315789473838	0.7546631578947478
0.0	0.583181733040502	0.6941341746890036	0.583181733040502	0.0	0.11670053986445832	0.6941341746890036	0.11670053986445832	0.0	0.7537474747474661	0.8018894736842227	0.7803789473684312
0.0	0.5758391177375484	0.6320561276776369	0.5758391177375484	0.0	0.09014306808971802	0.6320561276776369	0.09014306808971802	0.0	0.7521537373737263	0.7466578947368534	0.7539157894736982
0.0	0.6379730963187313	0.7328767204110902	0.6379730963187313	0.0	0.10562493232123925	0.7328767204110902	0.10562493232123925	0.0	0.7606549494949411	0.760831578947383	0.7459000000000099
0.0	0.5701345383731168	0.6543913293210032	0.5701345383731168	0.0	0.10446776527242883	0.6543913293210032	0.10446776527242883	0.0	0.7589167676767601	0.7338368421052766	0.7612000000000121
0.0	0.5962195696476331	0.7040127490621569	0.5962195696476331	0.0	0.09381283862558804	0.7040127490621569	0.09381283862558804	0.0	0.7810812121212005	0.7691578947368531	0.7656842105263262
0.0	0.6235193212929614	0.7010487618376074	0.6235193212929614	0.0	0.10671956057366754	0.7010487618376074	0.10671956057366754	0.0	0.7545440404040288	0.7589421052631669	0.7933210526315909
0.0	0.6219835174945945	0.7148252467064947	0.6219835174945945	0.0	0.09729553472788954	0.7148252467064947	0.09729553472788954	0.0	0.753273535353524	0.7373421052631688	0.7395526315789597
0.0	0.5718353767755526	0.6542738257374726	0.5718353767755526	0.0	0.0991152695563368	0.6542738257374726	0.0991152695563368	0.0	0.8071672727272644	0.7887263157894847	0.7823736842105373
0.0	0.5945384260424754	0.7100525677328322	0.5945384260424754	0.0	0.09694141153198758	0.7100525677328322	0.09694141153198758	0.0	0.759929292929287	0.7854947368421181	0.7792105263158035
0.0	0.5904701232094516	0.7298378946809639	0.5904701232094516	0.0	0.10979545927341913	0.7298378946809639	0.10979545927341913	0.0	0.736975555555546	0.7606684210526424	0.7320210526315895
0.0	0.5845935775178623	0.6780750717043118	0.5845935775178623	0.0	0.0958533574132235	0.6780750717043118	0.0958533574132235	0.0	0.7877505050504962	0.7802263157894828	0.7672526315789608
0.0	0.5912749743769475	0.7102415985008612	0.5912749743769475	0.0	0.12054166338704653	0.7102415985008612	0.12054166338704653	0.0	0.7433810101010007	0.7768842105263288	0.7610684210526429
0.0	0.6207380883947545	0.7119051167000666	0.6207380883947545	0.0	0.09348033961169959	0.7119051167000666	0.09348033961169959	0.0	0.7297709090908978	0.7538210526315897	0.7928368421052767
0.0	0.5920266151403448	0.6877510189511684	0.5920266151403448	0.0	0.09212132331303814	0.6877510189511684	0.09212132331303814	0.0	0.7501876767676666	0.7431315789473778	0.7772947368421169
0.0	0.5962774080078871	0.6998943580448239	0.5962774080078871	0.0	0.10970761343595294	0.6998943580448239	0.10970761343595294	0.0	0.7935058585858503	0.7963894736842251	0.8123315789473804
0.0	0.5565796803397391	0.6558356466292748	0.5565796803397391	0.0	0.11002401365267454	0.6558356466292748	0.11002401365267454	0.0	0.784713333333325	0.7767473684210665	0.7837684210526434
0.0	0.5867743322632268	0.6748415937781682	0.5867743322632268	0.0	0.09485537330456283	0.6748415937781682	0.09485537330456283	0.0	0.7630260606060493	0.7362684210526451	0.7355789473684323
0.0	0.5992689725160054	0.6900904662145244	0.5992689725160054	0.0	0.09664614906809117	0.6900904662145244	0.09664614906809117	0.0	0.7808054545454441	0.7931736842105386	0.7998105263157999
0.0	0.5446603064665609	0.6301039885375692	0.5446603064665609	0.0	0.10433041469133797	0.6301039885375692	0.10433041469133797	0.0	0.7577218181818067	0.7340210526315893	0.7603052631579075
0.0	0.5789994607184915	0.6937208987679255	0.5789994607184915	0.0	0.10168367111886795	0.6937208987679255	0.10168367111886795	0.0	0.7473824242424124	0.7467789473684319	0.7383842105263303
0.0	0.6029396821548748	0.7009204406512457	0.6029396821548748	0.0	0.10843369453301627	0.7009204406512457	0.10843369453301627	0.0	0.7583505050504932	0.7830736842105366	0.7862578947368524
0.0	0.6388236275468013	0.7011873517780258	0.6388236275468013	0.0	0.09993466695700437	0.7011873517780258	0.09993466695700437	0.0	0.7746795959595876	0.7609157894736974	0.7616473684210652
0.0	0.5861065270006467	0.6972541497838308	0.5861065270006467	0.0	0.08811627417170358	0.6972541497838308	0.08811627417170358	0.0	0.743060404040393	0.7508947368421155	0.723478947368432
0.0	0.618115163562924	0.713053596099	0.618115163562924	0.0	0.10386666519446672	0.713053596099	0.10386666519446672	0.0	0.7291575757575635	0.7115421052631691	0.7184947368421156
0.0	0.6164826600931818	0.700538569440545	0.6164826600931818	0.0	0.08435218978100159	0.700538569440545	0.08435218978100159	0.0	0.760714545454536	0.7271578947368521	0.714947368421063
0.0	0.5896832736112565	0.7273222585349264	0.5896832736112565	0.0	0.11153411142677994	0.7273222585349264	0.11153411142677994	0.0	0.7612133333333247	0.7705421052631674	0.7743947368421158
0.0	0.5600557459116615	0.654211846530484	0.5600557459116615	0.0	0.09576826160863193	0.654211846530484	0.09576826160863193	0.0	0.7787777777777678	0.7437947368421146	0.7454526315789616
0.0	0.6271482279818421	0.7356408293697659	0.6271482279818421	0.0	0.10292536477277939	0.7356408293697659	0.10292536477277939	0.0	0.7556886868686773	0.735621052631589	0.7299631578947503
0.0	0.5446463116111366	0.6381233412125779	0.5446463116111366	0.0	0.08169689389199064	0.6381233412125779	0.08169689389199064	0.0	0.7735531313131209	0.7409631578947485	0.723384210526328
0.0	0.6648880269867211	0.7424388266174196	0.6648880269867211	0.0	0.10719005307845954	0.7424388266174196	0.10719005307845954	0.0	0.704882020202009	0.7255421052631694	0.716215789473692
0.0	0.5829030072710167	0.6888253512466519	0.5829030072710167	0.0	0.09785649560985203	0.6888253512466519	0.09785649560985203	0.0	0.7798608080807986	0.7599315789473786	0.7560315789473785
0.0	0.6126732018352349	0.7411374337782072	0.6126732018352349	0.0	0.11590059839554419	0.7411374337782072	0.11590059839554419	0.0	0.7737751515151452	0.8088157894736938	0.8025105263158009
0.0	0.6725647303930171	0.7706501543967992	0.6725647303930171	0.0	0.10309978274361514	0.7706501543967992	0.10309978274361514	0.0	0.716885050505044	0.7446894736842222	0.7476052631579049
0.0	0.5891803532319281	0.6960818597329689	0.5891803532319281	0.0	0.0989750424843968	0.6960818597329689	0.0989750424843968	0.0	0.7968731313131233	0.7802052631579056	0.7993210526315908
0.0	0.5378414009972158	0.6462606856887855	0.5378414009972158	0.0	0.08918684824953156	0.6462606856887855	0.08918684824953156	0.0	0.7927973737373639	0.7742315789473778	0.7631263157894869
0.0	0.5914613743791204	0.6990024605666196	0.5914613743791204	0.0	0.10011622787705882	0.6990024605666196	0.10011622787705882	0.0	0.7439965656565556	0.7460842105263281	0.7482578947368516
0.0	0.6222630855697731	0.7347662066399061	0.6222630855697731	0.0	0.10950717265374874	0.7347662066399061	0.10950717265374874	0.0	0.7658484848484745	0.7440052631579057	0.7624473684210648
0.0	0.6382587684221366	0.7239991976183655	0.6382587684221366	0.0	0.11951154588404067	0.7239991976183655	0.11951154588404067	0.0	0.7329662626262553	0.7598894736842202	0.7428105263158021
0.0	0.5695482790211708	0.6587071124044642	0.5695482790211708	0.0	0.10726372728767825	0.6587071124044642	0.10726372728767825	0.0	0.7867371717171608	0.7325789473684305	0.7687526315789591
0.0	0.581023420868563	0.694810740891022	0.581023420868563	0.0	0.09967116434046774	0.694810740891022	0.09967116434046774	0.0	0.7920137373737294	0.7822526315789604	0.7830789473684328
0.0	0.6353614670675524	0.7460399012205139	0.6353614670675524	0.0	0.10655503101817151	0.7460399012205139	0.10655503101817151	0.0	0.7797654545454443	0.7550842105263289	0.7711842105263278
0.0	0.6151348547723227	0.7123226958882856	0.6151348547723227	0.0	0.13008887759398297	0.7123226958882856	0.13008887759398297	0.0	0.7483670707070611	0.7471736842105351	0.7646631578947443
0.0	0.58523483298736	0.7054297262995771	0.58523483298736	0.0	0.09963353386321464	0.7054297262995771	0.09963353386321464	0.0	0.7588117171717098	0.7763526315789605	0.770426315789485
0.0	0.6137155281073178	0.7152424453388574	0.6137155281073178	0.0	0.09373426472962161	0.7152424453388574	0.09373426472962161	0.0	0.7445779797979718	0.7373052631579067	0.7281421052631681
0.0	0.5639574972731974	0.6423727272914951	0.5639574972731974	0.0	0.09622556690274253	0.6423727272914951	0.09622556690274253	0.0	0.8292682828282686	0.7561315789473768	0.7775947368421156
0.0	0.6120722484010089	0.7077272026338763	0.6120722484010089	0.0	0.09715583505668762	0.7077272026338763	0.09715583505668762	0.0	0.7752062626262539	0.778926315789485	0.7760578947368552
0.0	0.5893472688996658	0.688424412871329	0.5893472688996658	0.0	0.11726201857413561	0.688424412871329	0.11726201857413561	0.0	0.7650145454545354	0.7647052631579057	0.7767684210526408
0.0	0.5662302603252083	0.6985409550209151	0.5662302603252083	0.0	0.11002404938972535	0.6985409550209151	0.11002404938972535	0.0	0.7586844444444388	0.7663263157894827	0.7502894736842205
0.0	0.5830983538400839	0.7020744800983928	0.5830983538400839	0.0	0.11297815334619835	0.7020744800983928	0.11297815334619835	0.0	0.7397604040403954	0.7411052631579031	0.7263000000000123
0.0	0.571319898525325	0.6943911053954552	0.571319898525325	0.0	0.10897645233111491	0.6943911053954552	0.10897645233111491	0.0	0.7421335353535254	0.7768684210526439	0.783236842105278
0.0	0.6150287203654047	0.7097305113524888	0.6150287203654047	0.0	0.10345682522727831	0.7097305113524888	0.10345682522727831	0.0	0.7283563636363523	0.7678894736842236	0.7499315789473812
0.0	0.5729580508316128	0.7099478714936972	0.5729580508316128	0.0	0.10614530988272003	0.7099478714936972	0.10614530988272003	0.0	0.7388597979797912	0.7650684210526418	0.7431421052631683
0.0	0.6086747687932091	0.7275663605811596	0.6086747687932091	0.0	0.10858957814959452	0.7275663605811596	0.10858957814959452	0.0	0.7243046464646362	0.74757894736843	0.7288736842105391
0.0	0.563690017343156	0.6421370782279332	0.563690017343156	0.0	0.10008544761402088	0.6421370782279332	0.10008544761402088	0.0	0.7435367676767608	0.7534210526315867	0.7679789473684311
0.0	0.6357265601961456	0.7188504224014147	0.6357265601961456	0.0	0.10155286960695449	0.7188504224014147	0.10155286960695449	0.0	0.7540175757575677	0.7439210526315897	0.768389473684223
0.0	0.5866292211927351	0.6877964506200861	0.5866292211927351	0.0	0.09609301365619616	0.6877964506200861	0.09609301365619616	0.0	0.7722890909090818	0.7604105263158017	0.7696421052631692
0.0	0.6401969028163832	0.7581073286795638	0.6401969028163832	0.0	0.09561057032200375	0.7581073286795638	0.09561057032200375	0.0	0.707170303030296	0.6922263157894837	0.676252631578957
0.0	0.6377177617568502	0.7601663486278685	0.6377177617568502	0.0	0.11310230461487573	0.7601663486278685	0.11310230461487573	0.0	0.7262442424242328	0.7993263157894821	0.7780578947368522
0.0	0.5566606895524641	0.6588693669109222	0.5566606895524641	0.0	0.09109031390223461	0.6588693669109222	0.09109031390223461	0.0	0.7864418181818075	0.7795526315789563	0.7816105263158004
0.0	0.5896373534006341	0.6863888335130277	0.5896373534006341	0.0	0.1024751146137908	0.6863888335130277	0.1024751146137908	0.0	0.7661181818181726	0.7691263157894874	0.7795526315789567
0.0	0.6219115939109711	0.7506005522626882	0.6219115939109711	0.0	0.10912404004500217	0.7506005522626882	0.10912404004500217	0.0	0.7488222222222128	0.7959894736842208	0.7796052631579063
0.0	0.5605739111780317	0.6505543632737799	0.5605739111780317	0.0	0.1131857152814626	0.6505543632737799	0.1131857152814626	0.0	0.8177167676767559	0.7843105263157989	0.8013368421052781
0.0	0.609291117690664	0.6820770554893294	0.609291117690664	0.0	0.10643313162311584	0.6820770554893294	0.10643313162311584	0.0	0.7242260606060511	0.7223947368421156	0.7318368421052754
0.0	0.5938842470570851	0.705621874681447	0.5938842470570851	0.0	0.07686198353503636	0.705621874681447	0.07686198353503636	0.0	0.7897682828282719	0.8263842105263254	0.8051526315789581
0.0	0.612543619995302	0.7183616947513262	0.612543619995302	0.0	0.10460727533022296	0.7183616947513262	0.10460727533022296	0.0	0.7640420202020088	0.7865578947368557	0.7501421052631706
0.0	0.5629481542503048	0.6861753250411053	0.5629481542503048	0.0	0.10929668725632437	0.6861753250411053	0.10929668725632437	0.0	0.7681238383838269	0.7540315789473818	0.7243105263158005
0.0	0.5949398471677667	0.6630902471474903	0.5949398471677667	0.0	0.09001518590042919	0.6630902471474903	0.09001518590042919	0.0	0.7760652525252456	0.774789473684221	0.7813631578947486
0.0	0.5598298214858658	0.689674494296431	0.5598298214858658	0.0	0.10532910622451838	0.689674494296431	0.10532910622451838	0.0	0.7415793939393861	0.7086736842105361	0.7190368421052739
0.0	0.5533013346963709	0.6902608908422558	0.5533013346963709	0.0	0.11419741221456378	0.6902608908422558	0.11419741221456378	0.0	0.7885094949494839	0.7777210526315923	0.783052631578958
0.0	0.5643537246398148	0.6671248745101415	0.5643537246398148	0.0	0.10192499136196778	0.6671248745101415	0.10192499136196778	0.0	0.7883787878787769	0.7653631578947458	0.7731263157894893
0.0	0.5879973259556156	0.6735384871893205	0.5879973259556156	0.0	0.08881305413290924	0.6735384871893205	0.08881305413290924	0.0	0.7895533333333258	0.7530210526315927	0.7761578947368539
0.0	0.5807271818690322	0.6875691336709603	0.5807271818690322	0.0	0.1120532379399049	0.6875691336709603	0.1120532379399049	0.0	0.7939943434343352	0.7663052631579076	0.7344052631579057
0.0	0.6091519315945213	0.7116803249883111	0.6091519315945213	0.0	0.11076823515383986	0.7116803249883111	0.11076823515383986	0.0	0.7881375757575672	0.7766842105263253	0.7685526315789578
0.0	0.5920869079097382	0.664722143515141	0.5920869079097382	0.0	0.10935947563635513	0.664722143515141	0.10935947563635513	0.0	0.7623822222222106	0.7747210526315906	0.7975105263157973
0.0	0.5863344383533143	0.6971331225085577	0.5863344383533143	0.0	0.11116295574831628	0.6971331225085577	0.11116295574831628	0.0	0.7440886868686788	0.6997947368421157	0.6943842105263264
0.0	0.6054503976023967	0.709584532088172	0.6054503976023967	0.0	0.11224989114430409	0.709584532088172	0.11224989114430409	0.0	0.7336513131313042	0.7770263157894839	0.7459947368421155
0.0	0.5739099425274871	0.6589399024490213	0.5739099425274871	0.0	0.09598960166803468	0.6589399024490213	0.09598960166803468	0.0	0.8066444444444317	0.7717368421052758	0.783168421052642
0.0	0.6044623006700737	0.7154689613796664	0.6044623006700737	0.0	0.0988958024758677	0.7154689613796664	0.0988958024758677	0.0	0.7187644444444334	0.7586052631579087	0.780021052631591
0.0	0.552295284812951	0.6507148565786102	0.552295284812951	0.0	0.10894754806396263	0.6507148565786102	0.10894754806396263	0.0	0.7835385858585807	0.7979105263157982	0.8057631578947491
0.0	0.6736334158647679	0.8150494931610606	0.6736334158647679	0.0	0.1155754428767045	0.8150494931610606	0.1155754428767045	0.0	0.7062777777777713	0.7446421052631697	0.7179842105263261
0.0	0.5347569127637964	0.6696438405048978	0.5347569127637964	0.0	0.10971157013124741	0.6696438405048978	0.10971157013124741	0.0	0.7664101010100922	0.7807052631579053	0.7853052631579078
0.0	0.5882075415122302	0.6787262439679355	0.5882075415122302	0.0	0.10520057726091354	0.6787262439679355	0.10520057726091354	0.0	0.7660729292929193	0.7507263157894863	0.7591263157894864
0.0	0.5594122652387882	0.6849338425076915	0.5594122652387882	0.0	0.09899689859127633	0.6849338425076915	0.09899689859127633	0.0	0.7546713131313022	0.7810842105263245	0.7903578947368528
0.0	0.6103735998229489	0.7041089934554935	0.6103735998229489	0.0	0.10781927827357728	0.7041089934554935	0.10781927827357728	0.0	0.7500519191919098	0.7677263157894869	0.7561052631579076
0.0	0.5405568817603768	0.6683134385725934	0.5405568817603768	0.0	0.10792787736342674	0.6683134385725934	0.10792787736342674	0.0	0.7753557575757485	0.7525631578947494	0.747805263157908
0.0	0.6125010081502067	0.7126247121567834	0.6125010081502067	0.0	0.11203534387690621	0.7126247121567834	0.11203534387690621	0.0	0.7796743434343313	0.763173684210539	0.7450157894736958
0.0	0.5840356800091057	0.6764717249516362	0.5840356800091057	0.0	0.09597971642376522	0.6764717249516362	0.09597971642376522	0.0	0.7982175757575655	0.7928842105263263	0.8106947368421161
0.0	0.6040729530739565	0.7267099712322453	0.6040729530739565	0.0	0.10768946649911103	0.7267099712322453	0.10768946649911103	0.0	0.7397523232323121	0.7370421052631698	0.7164157894736957
0.0	0.5772722921354841	0.6856587577788086	0.5772722921354841	0.0	0.10990009646864225	0.6856587577788086	0.10990009646864225	0.0	0.7523654545454478	0.7220736842105372	0.7182631578947487
0.0	0.6359418939732085	0.7505033170397204	0.6359418939732085	0.0	0.1052143762793971	0.7505033170397204	0.1052143762793971	0.0	0.7188818181818099	0.7449000000000112	0.7411736842105382
0.0	0.6549783060106431	0.751998791027632	0.6549783060106431	0.0	0.10298672104447769	0.751998791027632	0.10298672104447769	0.0	0.6957462626262543	0.7459052631579055	0.7665789473684327
0.0	0.5980452355431812	0.7190981523005462	0.5980452355431812	0.0	0.10315654952074196	0.7190981523005462	0.10315654952074196	0.0	0.8056305050504963	0.8018684210526447	0.7631315789473797
0.0	0.6224581465370043	0.7317306436872177	0.6224581465370043	0.0	0.1147937026852678	0.7317306436872177	0.1147937026852678	0.0	0.7429117171717089	0.7591473684210652	0.7606315789473816
0.0	0.5680168369142135	0.6718057216832112	0.5680168369142135	0.0	0.09603462930464525	0.6718057216832112	0.09603462930464525	0.0	0.8017965656565531	0.7734263157894866	0.7622368421052714
0.0	0.6243924129487932	0.7473260185320659	0.6243924129487932	0.0	0.11558660356906564	0.7473260185320659	0.11558660356906564	0.0	0.7590559595959507	0.7351421052631681	0.7362631578947477
