(0, 1)	(0, 1)	(0, 1)	(0, 1)	(0, 1)	(0, 1)	(0, 2)	(0, 2)	(0, 2)	(0, 2)	(0, 2)	(0, 2)	
Continuity_L	Free_L	Continuity_t1	Free_t1	Continuity_t2	Free_t2	Continuity_L	Free_L	Continuity_t1	Free_t1	Continuity_t2	Free_t2	
12522.373109616901	12520.738421520928	0.9220392398686045	0.8992633674556675	0.031675708279962855	0.043164307213601975	12066.017992301933	12064.138734513199	1.0107016615950177	0.9858067679825937	0.025223330482057618	0.047654077316719855	
10636.678320680556	10635.12104772452	0.9493535303849538	0.9264825162710153	0.03703025444563271	0.042471195899045515	9735.398539208412	9727.6786504426	1.0898576580512451	1.0342032097913965	0.0716175005632516	0.10229312082269967	
14159.899422081779	14159.81867280012	0.9018263201114937	0.8971205385948692	0.043927452171836356	0.009820734662488666	11235.855085296676	11224.689392445898	1.091655572581186	1.029358639214398	0.029554626820384428	0.12724376851556068	
12489.674858305458	12489.674858306184	0.9279553017309728	0.9279544775635066	0.1771089061938696	1e-10	11456.024196582039	11453.458116062702	1.0612268905050253	1.0297612284184177	0.041421776888750386	0.0597632358142304	
12074.252229067028	12074.21144852569	0.9657386521194512	0.961980235182153	0.12065941684412065	0.006916684368166057	12623.362860170404	12616.78901088945	1.110432568264032	1.0635862524254454	0.027455390879002905	0.10147255062367633	
15263.312507883049	15263.312507891438	0.9955268574070799	0.9955249977582351	0.18274797191981132	1e-10	9947.168191300383	9943.105057632085	1.1109449270992533	1.0711207251304733	0.04078267991962799	0.07218960113247735	
11290.096087782329	11289.863968123103	0.9428517297688263	0.9339030536640981	0.0065938883188065775	0.0169074563596567	10837.59372832809	10824.771751474984	1.0583185119503289	0.9888774369743896	0.06375717253653178	0.13613164868691088	
12817.675522415679	12817.178761642956	0.9194652287546201	0.9067622783414858	0.03233811527247876	0.024816864874760678	10329.453328374413	10321.129637923283	1.0541358828168275	0.996892431665287	0.04939830154544874	0.10860962374394498	
13782.92902392311	13782.686089117353	0.9526586704392666	0.9437677181748623	0.07901765195173928	0.018833488655394092	10598.41426554912	10586.505153875092	1.0534254459957866	0.9857337185593963	0.05860325641699052	0.13027734511534123	
13622.169369060006	13621.330183188033	0.9036067468925225	0.8872639438188231	0.08064767510487365	0.032121342860867375	8521.898631810223	8512.551225569268	1.080600301904064	1.016559329128823	0.0021729033637116995	0.10791582647308763	
10734.336799523044	10734.33679952835	0.944803126221422	0.9448035789716663	0.022952368937294142	1e-10	11398.841558327744	11395.920161541495	1.0831570172125085	1.0494662797901815	0.03460180501682797	0.06331167511535153	
10256.01435696123	10256.014356967076	0.9015185720137825	0.901516810462509	0.0017210635205782557	1e-10	9541.532981215983	9530.254023941527	1.0249736434901235	0.9563148020946612	0.009211570270136318	0.12167201580307688	
14144.658093713233	14144.658093723798	0.895602118928639	0.895606152018711	0.04129811422239284	1e-10	13994.495003540562	13990.330162098711	0.9743174954611263	0.9382208802164376	0.12719941509357016	0.07672743251897546	
11910.949085169359	11910.949085173019	0.9239960624673984	0.9239947702390221	0.03528047227725424	1e-10	8785.262266648564	8774.436889812734	1.0357488093717229	0.9687381467882501	0.010039824135451186	0.1138012434034217	
10722.162850703726	10721.906885942934	0.9534031292438312	0.9431449802508112	0.0061940799430175225	0.01691627088613681	11828.199506828914	11819.795486728091	1.0853648651509216	1.0284346957424564	0.17200793922699295	0.11050719155816453	
10711.442634892453	10711.44263490419	0.9240632103632918	0.9240645966773026	0.0002994698719359889	1e-10	10031.191779301073	10027.711141321219	1.1175213758072122	1.0807451213278434	0.027920556424909863	0.0669130720099506	
10820.379631496835	10820.313954324734	0.9450191118256165	0.9401333752019819	0.008399915438004488	0.00869698602807798	11158.50096430119	11153.879792988855	1.0989159133733877	1.057101408658779	0.01972144065380874	0.0815194560483564	
10348.544875778258	10348.544875777836	0.8982986306949912	0.8982975035639882	0.040086696116947866	1e-10	10847.484021592592	10844.984510668706	1.0620930495551442	1.0289629910459341	0.027771106862507052	0.05877751179937748	
13562.731258542366	13562.060868810193	0.9435909792848849	0.9298550986944742	0.10611173222224146	0.02774014344312937	11358.08993704205	11357.954167366628	1.0612445953730387	1.0542264833797106	0.170219148440749	0.012789008184075364	
12623.083371415716	12623.083371420355	1.0396163988667837	1.039618644180932	0.012749087909423418	1e-10	11102.21571841884	11100.341582793844	1.1375683615100103	1.1106533323435366	0.03707105027904148	0.05442403815023692	
13373.372908239753	13370.719454744078	0.9145260567876499	0.8848400922685843	0.008627690032116924	0.05613069772706287	10403.181287399462	10389.293058837533	1.0549564759674217	0.9805380227666616	0.024312454862544373	0.13400760161700795	
14006.282711637983	14004.125442045173	0.9093008625859985	0.8844769117838459	0.058787249476462404	0.05116821040722252	10844.068200561702	10831.96839070167	1.0951620219247837	1.0290233998875882	0.03954679674671299	0.12969343658115434	
11721.251757559889	11721.251757588949	0.9808973798125825	0.9809014418748965	0.062220385042276595	1e-10	11650.66944635306	11650.660731582566	1.088861638042205	1.0869787818646561	0.029358252988773065	0.003381002589264338	
13273.237294534227	13273.235455563916	0.9849952587627214	0.9842398706112075	0.04846864332375233	0.0015313844362219286	10678.98386367855	10675.312083127847	1.10771523500611	1.0693921314691586	1e-10	0.07029626197104298	
13769.34590289092	13769.345902890476	0.9355728206135722	0.935573421426768	0.116818563749956	1e-10	10325.72082663263	10324.20983820475	1.0971024656888173	1.0732240025999538	0.0187550460822075	0.044568106191228016	
11622.54980581124	11622.549805814395	0.9295818520253192	0.92958174029876	0.023806404799408733	1e-10	9198.143677517766	9194.659424522448	1.0675892596149212	1.029175849902316	0.004099403838730727	0.06583257225134774	
10601.129471203676	10601.112163426844	0.9676805968344663	0.9651680854705929	0.17452501538346746	0.004388192509964799	12716.56303515683	12706.043173931268	1.1581431716643549	1.0974295697714695	0.0638847015897299	0.13648363112333242	
11141.654252298296	11141.65425228909	0.9633458029741411	0.9633426925396323	0.0003654777470584407	1e-10	14076.491778261283	14075.523336495513	1.0406578954799486	1.0233476978542861	0.11587212938368283	0.03791257203206077	
10909.472065940963	10909.036474676277	0.9169639302863414	0.9051663433153965	0.007869599733469913	0.021706636193927726	12911.85150227313	12911.851502274578	0.9735598355102049	0.973559223917965	0.2	1e-10	
10630.82771256441	10630.827712565278	0.9496579965911308	0.9496575540920585	0.018075228814388795	1e-10	10956.397133182729	10952.411401505375	1.0863432723088242	1.0465106794677912	0.026747673665274932	0.07368120135368017	
13368.792467330366	13368.792467340047	0.8823998982797523	0.8824027606702033	0.09897362831406795	1e-10	9485.840207161855	9482.841830587453	1.0385265157145305	1.0040634132435227	0.013322951714289804	0.05916900686128861	
16145.87379869013	16145.873798692539	0.9291161718184837	0.9291170002015194	0.2	1e-10	13920.002583445474	13917.701466617002	1.0688547356800444	1.0415027167002553	0.05089662211735156	0.06007619822609916	
12608.644830024527	12608.644830029885	0.8961590361324514	0.8961587874174212	0.03380661614512536	1e-10	10974.580206727844	10962.091751706033	0.9866756441344913	0.9178638724570606	0.14934898062445728	0.116915436785281	
11888.143440970074	11888.143440972292	0.9542098890309615	0.9542084046465134	0.027187348313501024	1e-10	11928.893719816013	11925.803016531494	1.1099253186791427	1.075528639077786	0.04283993178218452	0.06739049725577974	
11542.658847376711	11542.658847372619	0.9820726247174243	0.9820766783127112	0.03823881164059606	1e-10	11043.974089253772	11039.956485417746	1.075017828638155	1.0362475512333258	0.10039801024343385	0.07651346391548342	
13046.986063627064	13046.986063631886	0.9236415943359622	0.9236416847369042	0.013641477954509294	1e-10	11295.913815038739	11292.31787213	1.0705946445605448	1.0328318201642648	0.038049393765135484	0.0709705466564574	
10532.39836236083	10532.398362366914	0.9282689875219331	0.9282693667347524	0.10150329672143302	1e-10	11097.496392445004	11089.822100403484	1.0884753704959025	1.0307570266446084	0.11361453450309916	0.10580453045978247	
14638.16536157022	14637.645226575205	0.9477965110598849	0.9349393205822508	0.09761642614765557	0.02686092886810759	10698.512414838593	10691.017028756623	1.0884871969064054	1.0341104209490062	0.02666621897866799	0.1047845927346995	
11404.19921808791	11402.406078562355	0.9491098526909806	0.9242042825901338	0.010744399617958204	0.04586574543719297	12838.287714137205	12830.307865960967	1.0287798717269876	0.9758842694146294	0.1043637131779364	0.11059486414362282	
11373.981421709492	11373.9814217133	0.917673844921413	0.9176729915404417	0.01160925146591095	1e-10	11761.54958771366	11747.308457647481	1.0409561812361234	0.9699771782025981	0.06096052917111616	0.13581519268961767	
9973.261511376233	9973.26151137849	0.9533576926897712	0.9533571729684047	0.013393526423874189	1e-10	10360.113937865513	10359.518301387134	1.1100139180395339	1.0937105100651305	0.13465534943862786	0.028186850805431804	
14823.815903667235	14823.80315122154	0.9676066846578241	0.9654463631719602	0.18269790781124445	0.004174180425622924	11812.898408705614	11802.713335868391	1.0871260985773261	1.0249027609417363	0.01573085267455022	0.12548347668681917	
12572.844757380248	12572.844757384453	0.9338695963536361	0.9338688220415023	0.025458366397099523	1e-10	12061.458859937717	12058.086233511096	1.047888139117263	1.0135020126839849	0.032083730096383045	0.0664366403464674	
9236.737797764788	9234.582112692126	0.9756198362463598	0.9439030899523857	0.014389483346625622	0.04970396856946526	14763.137375348	14752.438545429835	1.119026057504252	1.0598871787093145	0.06092779190909965	0.14508200215714293	
11238.867269456508	11238.867269461003	0.9518645041379231	0.9518652714920085	0.00901873776830258	1e-10	10924.901197926682	10917.671168314204	1.0902370683748215	1.0410323945014304	0.03616440186271531	0.10251849555656752	
10845.077789195331	10845.077789197225	0.9206886934233837	0.9206895356389584	0.025482505088378467	1e-10	16220.338666583968	16210.709199066594	1.0314368426279137	0.9763819495641444	0.07003126281422578	0.12648928221464772	
12335.225854847118	12334.594143310374	0.9577349680458737	0.9431817414361661	0.058476802958698657	0.026490692198464446	14372.059311620742	14367.299145774328	1.0913945920512993	1.0521740674103897	0.12102796048602366	0.08562614557716254	
12108.66560269874	12108.665602707464	0.9533316678333609	0.9533303081431157	0.07289947974194184	1e-10	9758.577430232672	9758.236631535487	1.0541573663726311	1.0424325615174221	0.051013420216847655	0.020286707026291033	
11072.279321592621	11072.278793058238	0.9667519596201649	0.9663010929156757	0.030824462957652888	0.0007867210480429304	9740.786803968087	9738.347709099464	1.077997021636508	1.0458714405380407	0.022402419322604637	0.05613647189087939	
9921.800418568486	9921.67520150283	0.9750889138123464	0.9682320397861826	0.019295990452495464	0.011650051592161582	11017.414953733198	11012.901000310072	1.115473632315222	1.0724447354650928	0.18744601798996685	0.07950759707413936	
13071.1717026722	13071.145691354022	0.9118537790724047	0.9087572646732598	0.00788858651245322	0.00558151162385627	12808.532338481135	12803.64764782963	1.0708457496979478	1.0246885264843264	0.005178403694703587	0.08608684426949124	
10444.328008014547	10443.586627283345	0.8838262812634605	0.8671039712771472	0.013574828675006295	0.027068063501382897	11163.430573547283	11153.519204045364	1.0759714545560484	1.0114287056227005	0.03341827235873327	0.11945740984053839	
9605.51309417145	9605.513094173582	0.989133250065226	0.9891375184672284	0.004105010969904749	1e-10	8928.359310697351	8918.700543283232	1.1094750431613651	1.04662511492871	0.01332870427814041	0.11547905601151827	
12218.40434619325	12218.404346193161	0.9845485609258536	0.9845490354841357	0.052403107638405104	1e-10	10920.624666823664	10915.084529639757	1.1124267079908599	1.0653347634451122	0.017831266740486375	0.09005365904664489	
10853.837154262468	10853.831089712445	0.9614907024920799	0.9600063610777885	0.021816786009570897	0.0027019138623946243	10414.78134623213	10414.15181417781	1.0887463716390784	1.0731583108012663	0.05657068396063682	0.029355107079283963	
12956.191879805292	12954.868861396051	1.0148087873817269	0.9932949469658012	0.06843861448591886	0.04371497462784519	12710.832565946928	12701.88629231416	1.0892877685737463	1.0321629762776743	0.003224380364497277	0.1190518876279931	
10013.561668559503	10013.561668562726	0.9449413539353256	0.9449432276249334	0.06779404957947976	1e-10	10683.445766746363	10679.139612623227	1.1393376566928648	1.0969827320551317	0.14007272071549962	0.08056924854297745	
11798.720185793225	11798.720185778162	0.9711832187808364	0.9711801478238659	0.011873655414534598	1e-10	9430.766804856767	9424.677173794626	1.1052768381986768	1.0559707365929765	0.018765153576811532	0.09127103078781974	
12841.416192527799	12841.416192523899	0.938915120727537	0.938911016934622	8.489649518525434e-05	1e-10	12066.011866063043	12063.334763802744	1.0004242625563609	0.9704046194989637	0.005483960106162886	0.05928406652414877	
11351.42452295059	11351.424522952913	0.9689575946874915	0.9689607065787817	0.014470230988246463	1e-10	10526.30988779885	10521.190622662809	1.0991871954616328	1.0558421704825525	0.03347500523638705	0.0845525178984528	
9606.480970333447	9606.15664598803	0.9104060756197725	0.8994973602196378	0.02826327915792976	0.017837232503776255	12256.249073396122	12247.974098787454	1.0504574343827315	0.9964603728919027	0.08869879929158335	0.10943189315831317	
11472.016364242347	11470.77779867378	0.9924858128968865	0.9726497094044528	0.008566898781118413	0.039980957044129885	11663.919171411488	11656.518767063826	1.091498300697057	1.0382702939221609	0.09297631675259142	0.10664422582707145	
11430.524026107329	11430.01880241106	0.9300615359330607	0.9164130810857262	0.051563317244514226	0.023642525617759536	14941.326890353936	14937.0470924813	0.9767628771136357	0.9425436274985252	0.10688499485439329	0.07922191402167474	
12334.10934169074	12334.087756408824	0.9606177083269145	0.9578217767515174	0.007876089884175225	0.005062596490598956	14033.831407082425	14030.89116025146	1.105740361213417	1.0729500804560903	0.001202430657694659	0.06847669752617215	
13254.332110558766	13254.332110569576	0.8616033236378792	0.8616046026029103	0.05420466263577719	1e-10	9416.53050976686	9404.91693665215	1.0352961048188	0.9702170650348896	0.00461531237818443	0.11576225923273038	
14406.593089662665	14406.592999966568	0.9250889833759005	0.9249334351293564	0.01139797541434565	0.000335944621579164	12551.944908809268	12550.555379089854	1.0728934897423081	1.0511548389943992	0.2	0.04498147218817699	
12031.029857622185	12031.0298576238	0.9316138298039875	0.9316149981373589	0.0901378691729823	1e-10	10055.52241011943	10048.458130739013	1.1139412175995216	1.0573833716132832	0.06759810119695016	0.10019836378385215	
11141.2333381136	11141.233338113829	0.9253518343037828	0.9253514486233267	0.018183872848303518	1e-10	11446.543487529609	11445.906693485485	1.021910919880742	1.0067955694154707	0.0899780979073749	0.02700787320169059	
12430.977199246834	12430.659035922714	0.9519269106936945	0.94180386140415	0.01233003195862341	0.0194931868118281	9971.406593017835	9964.587519421877	1.1128964379178798	1.0612859243107613	0.006886173914956266	0.09574559070447347	
12635.663854127597	12635.663854135355	0.9477169225162808	0.9477159899045519	0.06203630525436774	1e-10	10881.52092516925	10875.34780444085	1.0918498603275828	1.043677563894526	0.059079990231506986	0.09083671446421819	
10143.12498687572	10143.124986888024	0.9814609637718618	0.9814590128522488	0.009352514256975766	1e-10	9960.202344881958	9959.432257932336	1.1010130765595285	1.0826288144026448	0.07198370127408062	0.0319945977548144	
13448.415019783175	13448.415019783644	0.9184937480110612	0.9184951574678942	0.07493294748677831	1e-10	12440.138925198697	12439.47058072701	1.0072032093043572	0.99175004112912	0.009318274825124585	0.029564501217759526	
14404.612153860066	14404.612153862954	0.9339294313383515	0.9339278701111995	0.14807031245129798	1e-10	10508.052627679015	10499.920902325557	1.1314803281853554	1.0768971925968969	0.05058821028626027	0.10847025982712193	
10538.237415301955	10538.23741530669	0.9384177191382329	0.9384162490883027	0.013180247572118553	1e-10	11145.093917274431	11135.918912205732	1.080191292693228	1.0183258683720418	0.025435833470188234	0.11801757859967031	
12244.649959611917	12244.649959615259	0.9446383728381865	0.9446377852234188	0.032350791523718	1e-10	12128.386822460678	12123.030884139916	1.0699216803167162	1.0269354402121753	0.059291291559773175	0.08784938645400531	
13633.369827498029	13633.362606428014	0.974925177972929	0.973426371255145	0.1139816038245551	0.0030136527347474065	14140.681008556872	14133.588847223966	1.110630302667677	1.06432692646379	0.05327569081878041	0.1091100334611227	
9372.789075437697	9372.56866040514	0.9645936584774715	0.9548572269965039	0.033689735823264746	0.016152639218326985	11128.903566767094	11119.137213801874	1.1032761077723896	1.041681419567146	0.1190060727473183	0.12284353823692398	
13472.866417818144	13472.775878909484	0.9618513139100515	0.9561892569366498	0.023130068718593952	0.010572625774833559	9602.7938791969	9597.146993580756	1.0801986191023165	1.03310381974896	0.02133509049421161	0.08473444329070236	
10936.730445436144	10936.73044543626	1.029443045568245	1.0294401861005775	0.007271597980795396	1e-10	11938.571010402462	11936.326668022364	1.1604629100156032	1.1325695386178993	0.0852155566111201	0.06144983110137399	
15256.00257775049	15255.92775321779	0.902879809738839	0.8985566801131225	0.06574575805579268	0.00968081930294869	10125.61801044256	10118.98021424992	1.0772662621256672	1.026516217163449	0.012409118009179423	0.09102766236521305	
11046.006778675759	11046.006778683546	0.9715859444509745	0.9715876264535201	0.01773279497688154	1e-10	12501.874216672128	12497.999824385492	1.0836647000510418	1.04601622155211	0.048186004551885125	0.0747046829705895	
10299.2360078713	10298.463828205882	0.9985365885948682	0.9814151908249785	0.051110610426835325	0.030617914059246156	13109.3255380751	13107.022718134054	1.1433917211469453	1.1147251481523612	0.13474993678707686	0.0623978027265877	
13165.306465522452	13165.145130359528	0.9609751014679202	0.9533167827594164	0.2	0.014501933944299905	13018.035687697871	13011.68247176153	1.1198179169748539	1.0719884326600333	0.19136084361061476	0.10741683982877026	
11254.146656188628	11254.146656190564	0.951635125455621	0.9516358595629838	0.01720403042996748	1e-10	9818.021969944602	9814.495127962162	1.1180760226140247	1.0787919586618828	0.029564092474324035	0.06602869505068663	
11535.340702402527	11535.340702391753	0.9709818250987162	0.9709731835558203	0.002004870707936987	1e-10	8647.97436969549	8644.514873593247	1.167529633456964	1.1277294933810278	0.0005116686053554159	0.07038322916658725	
9046.070752259076	9046.070752261245	0.9261808709794521	0.9261806403757565	0.04017570655295887	1e-10	11433.209866822706	11431.503335461457	1.0653759003689844	1.0404790287623589	0.13364621508454708	0.04853166124096483	
11292.121008833714	11291.588547104482	0.962253376291325	0.947537728072071	0.034319884670748646	0.02485702115446714	11601.315251495573	11593.337888678014	1.0847104509368182	1.027047788050338	0.06111961198245121	0.10645319870702571	
14665.440577884849	14665.440577890156	0.9038026656285849	0.9038015318482313	1e-10	1e-10	10354.889546718363	10349.07105544038	1.1099285744898535	1.0599447862025129	0.007130920950692595	0.08959361566099924	
11766.628197009592	11766.628197011654	0.9421962895099593	0.9421949764441319	0.07185517989672345	1e-10	11790.871034643367	11782.526159928153	1.0712339955706733	1.0134032818582117	0.08550800827112427	0.10799238092678469	
14869.199289537994	14868.533958671893	0.8949688397463589	0.8817065658878461	0.05111572262154364	0.02898834159638612	12476.892683370219	12473.058063409031	1.059866731697327	1.0199058624355095	0.09638872486232983	0.0742545700051611	
12260.981275906264	12260.619511846344	0.9258472499321664	0.9142797084793103	0.01770341342185136	0.02024338675637481	11523.91894407601	11518.93202009163	1.040869638434661	0.9973135105134628	0.09435343377878962	0.0818585854174811	
11276.152335116873	11275.861268412893	1.011832641686394	1.0013564305809715	0.0813779679762138	0.01909616847870956	9258.991856975135	9255.585079906456	1.1410927732619924	1.1010088266265763	0.014476543101157409	0.06895540060062898	
13663.269286544753	13663.269286545166	0.9641026403185157	0.9640958198042313	0.038945978069329916	1e-10	10412.31332978571	10405.383741699601	1.0761284574758212	1.0208003660039695	0.009604574491270935	0.09602799676472536	
14302.375656203067	14302.375656204513	0.9118313587139453	0.9118305556083948	0.024055657722959617	1e-10	10727.466259067005	10720.495353970435	1.0343691160480801	0.9828993459342165	0.01964377669339087	0.09451180849719418	
9740.066069042996	9740.066069038663	1.004426826029383	1.0044227797076288	0.054789989303329	1e-10	11206.569701736784	11200.93258563159	1.090102130777613	1.0433372718295502	0.08717708805392255	0.08970858432449706	
10277.989327205967	10277.504223023092	0.9571222960814227	0.9435819035345586	0.003507632224907539	0.02309600930323905	11536.583469125248	11525.985967721772	1.1075184452284244	1.0423389663948142	0.07381989369158319	0.12795385081018362	
10111.091194867844	10111.0911948678	0.9826909513761364	0.9826959286654282	0.1281014746862315	1e-10	13045.604285424859	13040.412028535095	1.1165962738525927	1.073219568683301	0.08003514209799742	0.08875836643160484	
10656.447056909317	10655.198634443434	0.9560946269211048	0.93378743791097	0.029149726319042574	0.038715259515748855	9884.905820733831	9877.175711919606	1.114540476676705	1.0549863968642184	0.03375224242404001	0.10844848941926444	
10079.701921026886	10079.701921029795	0.88430468516379	0.884304054698683	0.021969818559339382	1e-10	11001.266394025892	10996.133542133473	0.9908540876198184	0.9464832792642308	0.0008036680695984502	0.07797584453251412	
11532.946238630382	11532.936051283805	0.9611705466801194	0.959239821778636	0.04240160607871443	0.0034448694210444547	11528.835531979887	11522.796374784473	1.0743144023444677	1.0227328743526707	0.16768438266577304	0.09407408348119554	
