(0, 1)	(0, 1)	(0, 1)	(0, 1)	(0, 1)	(0, 1)	(0, 2)	(0, 2)	(0, 2)	(0, 2)	(0, 2)	(0, 2)	
Continuity_L	Free_L	Continuity_t1	Free_t1	Continuity_t2	Free_t2	Continuity_L	Free_L	Continuity_t1	Free_t1	Continuity_t2	Free_t2	
8827.839685222332	8827.839685223917	1.1926865378216214	1.19268458929159	0.021093420285436034	1e-10	10487.447420237268	10484.949004346745	1.3797854857718428	1.3458007727435182	0.031230198542978954	0.0849512371474773	
8928.221521743128	8927.397303120903	1.1674465448640734	1.1465184687113121	0.16081438534332954	0.03905444960874835	6755.234359589575	6746.9887960733	1.3372730440986815	1.2623367908395269	0.013449946404257956	0.13585198067908758	
7615.715558901601	7615.715558907111	1.2620043437516861	1.2620002983245726	0.013652206661961288	1e-10	9437.810494394624	9437.165810271834	1.4333623777073696	1.414441136539468	0.18821550786047012	0.04263877078335087	
9303.735902388515	9303.727525364991	1.2454887537773105	1.2433135491145462	0.050681483137526136	0.00429658742632607	9556.213254771603	9549.432707360065	1.4196904957617047	1.3582952643754294	0.057308379838827424	0.1450826975969472	
11837.129995542282	11837.12999551284	1.2163468873617904	1.2163549467186947	0.03513924285787089	1e-10	8738.448845238023	8733.528095147985	1.35273338526717	1.2981434217444818	0.04537295770465696	0.10807540784634016	
9529.5485170775	9529.189638923766	1.2343743675019083	1.2220627829606834	0.07164381973464629	0.027271729536513887	5884.743692958541	5880.894635097818	1.3943645070264565	1.3414627893937074	0.06128627042709688	0.09474390560845551	
8625.701921502297	8624.363851946779	1.2710667357801269	1.2419878895219514	0.013348852355658988	0.05365080708681931	8642.536643626469	8640.457220178094	1.3949150004390105	1.3591004118879273	0.0016212069256273168	0.07244199770397133	
8600.876385607593	8600.87638561533	1.1434926245041077	1.1434949671484975	0.036457958973376496	1e-10	7410.670046654172	7396.727187520441	1.359972652009032	1.2654020762296299	0.014601141509596184	0.19403257750634714	
9585.952147383401	9585.952147392149	1.2342171095659185	1.234213527221112	0.08887321198204579	1e-10	8393.92151642126	8391.491322263024	1.3605826757880382	1.3214398053591623	0.021414756937735806	0.07914520708470626	
8493.040867033356	8492.92654568426	1.2068693947208098	1.199781215197881	0.010900294971269077	0.014961755404815263	8866.164018727472	8863.55560969957	1.36299378181383	1.3225309848753874	0.006239569044802634	0.07994293834561855	
9497.072884680023	9497.072884682326	1.2311848586261724	1.2311860829941519	0.06391147688005523	1e-10	10332.25986663394	10330.00594974345	1.377463204314468	1.346372271397602	0.04750824279467439	0.07827313527965848	
9688.332239586378	9688.332239607325	1.1522305289652743	1.152242386527629	0.04846297325953463	1e-10	8215.558713380544	8213.018903723952	1.3532575454090605	1.3148956568030277	0.009354129720359075	0.07730760941173116	
8669.710151895417	8669.690266758264	1.1695434049700004	1.1662312980006275	0.03819874776999663	0.00620044385055218	8295.182393555793	8293.515993465167	1.3255176802569195	1.2905725124954537	0.09425811504978251	0.06245852864976328	
9127.272830302787	9127.267698855185	1.2491346183809153	1.2475464773948413	0.007613313237259809	0.0033905218698477954	9164.880146233514	9158.040626304568	1.4427122405473973	1.3793894164038019	0.03178615631073713	0.1445518220322491	
8106.516876680506	8106.51687668212	1.2509700740910805	1.250969010198248	0.0253939321988958	1e-10	7924.883980207439	7913.393404059227	1.4183125011887905	1.3334258664029774	0.11536323954490747	0.17792961244822803	
7881.856147727412	7880.239385196884	1.225503663197751	1.1939885380432478	0.06429242528372087	0.05502127201509444	7055.125219668763	7050.3314499117805	1.4161530822183641	1.3587040932653884	0.009494158582921606	0.10654330092898749	
7667.973193751217	7667.084958848715	1.2543412665690357	1.2305013577767014	0.05282510406667622	0.042743207099877605	10922.723694717846	10915.973210561275	1.3842749738525304	1.3292908065198414	0.10555506462119135	0.14426944251630563	
10012.44595123746	10012.44595125154	1.2202154597756028	1.2202135190557117	0.03562255779295118	1e-10	8812.21010440633	8809.110526983195	1.355728125557742	1.3139715825968514	0.03538632541014705	0.08339885817844028	
8872.360496025802	8872.360496025452	1.2530923105466898	1.253091566750408	0.031300052448594386	1e-10	7809.923788590282	7801.159690588726	1.3612825629452157	1.2882808113860549	0.051514700321623155	0.14574467866381863	
10591.141916730267	10591.135184313123	1.1214808966912089	1.119615751540244	0.17722663608131228	0.0036359099120687045	8472.77995260261	8471.130916380935	1.3236851209807647	1.291124825612749	0.03559679035129492	0.06044973045706082	
8283.111161788598	8283.074440485714	1.2339669380272889	1.2293786166231089	0.03994780106178352	0.008781378603917641	9264.287989996643	9264.112643329403	1.4101194994088928	1.4003201268984573	0.06478233414714975	0.022050964290890877	
9143.17997928186	9142.757551159937	1.2061352266143155	1.1911647515239712	0.02039936550602695	0.029564321997655994	7930.805884663995	7928.389250075653	1.369579366938277	1.3300742777731913	0.028261722481255063	0.0768763243202367	
9912.182843219003	9912.182843214514	1.1733527504667984	1.1733484828744816	0.0034602939267255376	1e-10	7031.642054395958	7025.645140495855	1.3131680665132464	1.2541556061527523	0.04767351476803382	0.11307396427246114	
9395.842232609783	9395.833920815321	1.2746913561297575	1.2725822866550864	0.0253853743094379	0.004213325181423708	8138.2424550029355	8131.471454486244	1.4644209495110914	1.402560155195769	0.02095372465847153	0.13455408972236324	
10665.880696311478	10665.880696309401	1.266215665505051	1.266211674848849	0.2	1e-10	8466.147667751819	8461.16563254983	1.4750643547580427	1.419141811104525	0.1244116111600762	0.12314118889207541	
9645.572050156243	9644.571397925723	1.2184900721089953	1.196889057592257	0.05658710090029335	0.046913309568313966	8865.027579589843	8862.112060619878	1.3371560827587594	1.296533512051642	0.019607289408418004	0.08621737295277676	
8630.629996735208	8630.629996734076	1.266911665857692	1.26691021093273	0.00444575726893908	1e-10	8742.960846773714	8738.899196588454	1.4282991954369078	1.3775529684878387	0.0014391550222792435	0.10089145974261253	
9536.422132569878	9535.913869634973	1.2009640652852271	1.1838836942343394	0.02737935600735964	0.03189580678858206	9380.244092622226	9372.609326445534	1.3144728637790852	1.2513409009160648	0.018324626530690606	0.13676835900134623	
8191.180664568402	8191.179117909599	1.290143756007754	1.2891687677072252	0.018214664540079258	0.001846782011266678	6867.875075045243	6866.676980006133	1.4092750370712113	1.3794525716578594	0.005765560261402621	0.05309681388690771	
10633.537239614392	10633.100593344003	1.1782818547519167	1.164809239652996	0.2	0.032106309491065764	7938.168072525166	7932.738423393414	1.4396499185698777	1.3793131064938842	0.023612019378412816	0.12444900075352083	
9065.630805059971	9065.630805065446	1.2132908196446477	1.213290463031576	0.10795646597667313	1e-10	9169.864788970002	9161.326267499388	1.4489499111057178	1.3722391652890416	0.03031051151131531	0.16070112468397185	
9485.810415628659	9485.810415632295	1.169924931762598	1.1699233439938406	0.14299933614740115	1e-10	8346.912960229914	8342.04899460681	1.3650839765582579	1.3080854335154644	1e-10	0.10793575523225951	
7820.682341388572	7820.6823413919965	1.2127672032768448	1.212767743022151	0.05548535979568147	1e-10	7998.590725648781	7993.1429413361175	1.3442983136067765	1.2864061294243612	0.033236770270567116	0.1105143864578018	
7612.117597339144	7612.117597340299	1.2186816201719362	1.2186835729735435	0.07798785367966787	1e-10	9996.34026533706	9987.787938879372	1.3721494517031685	1.3007611999500157	0.07112171942701578	0.1613965257904127	
11004.121898580413	11004.121898583246	1.1875049880482795	1.187504431257013	0.04660779716968107	1e-10	9013.67042401094	9012.301006185287	1.3833771151125418	1.3542499803304857	0.03283153273348022	0.05769161529663369	
6783.472015927246	6782.82248014704	1.3043240195923722	1.2834390336138914	0.08744725008871136	0.03635148156889068	8882.165475382568	8880.475601881404	1.390513463430361	1.3582725250468741	0.11007568422270037	0.06797438793234134	
10289.924787406566	10289.600468794366	1.3000477690050556	1.2872315276727815	0.006807202013240271	0.027404996297081267	8642.409108977647	8641.690599977983	1.3819822812501057	1.3621995896276295	0.04876535811073748	0.04134803144914377	
8943.429843107038	8943.355597848647	1.2608399361770397	1.254309221950773	0.04243409359017504	0.01297113158392342	8011.588202218693	8006.877380275025	1.4078815284196886	1.3528184766602227	0.025985611232775603	0.11121275470541843	
8038.898250297967	8038.898250299655	1.1932507036021087	1.1932515722002066	0.007759918377895547	1e-10	8056.786493181814	8051.5494394507605	1.40178783370146	1.3450469365468913	0.1221945558105344	0.11387026724011275	
9830.585078668457	9830.585078681872	1.215422774244231	1.215429274649035	0.05174507789922344	1e-10	7947.747194100164	7941.330397641956	1.4254848763023116	1.3644660241043323	0.054288958312310794	0.1278990984538059	
9763.879756995444	9763.879756999017	1.2178618126927647	1.2178646589520712	0.15094769566515565	1e-10	6883.5779251971735	6876.812082380491	1.3619043525817431	1.294441041177018	0.011084128965452687	0.12784574668111914	
8507.05440766108	8506.996383607171	1.2009600886899188	1.1955535661478793	0.05632522406086868	0.010214335675334635	10944.337143250501	10939.730138010465	1.396314654429303	1.3513616959744887	0.016540459336447624	0.11289683721073263	
8057.831342084023	8057.831342084317	1.1406935888972858	1.1406919627370058	0.011127042538944228	1e-10	10930.467901892302	10929.27006871819	1.2739656550566236	1.2517496624964628	0.006335455648501422	0.053068433833999035	
9538.700680837215	9538.700680847905	1.1922884896209103	1.192285107402091	0.1647307206682784	1e-10	9448.116635873721	9445.127795768018	1.3603455987584643	1.3191154562922522	0.008770887915463509	0.09064238600706434	
8554.535079437093	8554.535079436324	1.2525208117420137	1.2525237815228099	0.08053604541700109	1e-10	6982.8111289640165	6976.4501377647575	1.390852509827499	1.327770605132416	0.005713402021582465	0.11909400602201102	
7293.637271288681	7293.63727129502	1.1470276328998856	1.147028993653967	0.040117784125145675	1e-10	7053.729820162632	7049.819799554534	1.3478240513280793	1.2970881239898857	0.007975820315181882	0.09601651809419967	
10631.58677289753	10631.586562353456	1.1909495869976037	1.1906291937906308	0.025416259792320622	0.0006577964225710539	8419.964875563755	8419.108818607023	1.3075814393218756	1.2863647677034658	0.06443749488519628	0.04252098960861418	
10755.08244276712	10754.959035995307	1.1949213608097862	1.18678808050656	0.03870845760533675	0.01592766861524289	10519.024260062639	10516.39690398066	1.250651496961947	1.2166915196648693	0.010922974566218917	0.0769793918499325	
7940.124029329083	7940.124029333418	1.207899889944197	1.207901826243442	0.012275624174171775	1e-10	9740.125102563963	9730.853543439862	1.397270675334445	1.3314726508002348	0.00973064728406867	0.16225082314022785	
8767.230107860432	8767.23010786024	1.196765151258215	1.1967661263823524	0.0768241822364205	1e-10	6837.442071875872	6832.08086723646	1.3945592129089135	1.3341659656490172	0.0031677807484909917	0.11562255615717221	
8131.57973356686	8131.579733570478	1.2616868670183952	1.2616913302176118	0.10404137331060265	1e-10	8006.41339959746	7992.709519930224	1.3977011846320624	1.3050637569913937	0.05490344964749407	0.19845994833891456	
8407.550553802552	8407.550553804185	1.2591579707170044	1.2591545097606451	0.2	1e-10	7863.960298794338	7856.8636577776315	1.4338586934039674	1.362876523501686	0.08080651902525693	0.1383007024276284	
9703.802944599543	9703.802944600555	1.1813631147033672	1.18136228772193	0.034682405059310986	1e-10	9826.974338718428	9825.016955316325	1.277584270675715	1.246040269655471	0.0946351033891304	0.06569454443990645	
10531.193944692248	10531.193944693134	1.2912958719121963	1.2912950922536774	0.06824955874911849	1e-10	8631.448770310311	8630.509651892668	1.4195639496180747	1.3978066093650916	0.015416399907359225	0.047872997100548556	
11008.060514064526	11007.557486541446	1.1578285461964297	1.1430399262112314	0.055778191181330525	0.03203695774605169	7685.323709360226	7681.945197506058	1.3584116771241472	1.3128927531091952	0.02309823775012823	0.08638212634205882	
9569.217766638072	9568.758195631855	1.184036435037303	1.1687124310249979	0.027290414250596796	0.029428313675089253	8469.476276182464	8465.259524916108	1.3401842229328675	1.289996876126334	1e-10	0.09721269096303951	
7608.110281225492	7608.110281228767	1.1891191451095904	1.1891198014228517	0.061507657931653706	1e-10	8812.061113193255	8805.028794614534	1.3878478509514351	1.325032743914597	0.0591318711083035	0.14055989601173885	
8386.05379671329	8386.053796719962	1.1575185976468862	1.1575178313791434	0.0781364854508187	1e-10	9367.214101725021	9365.442926169137	1.283424901921923	1.2520415325485048	0.09981424327817948	0.06638500933963117	
10491.640982592171	10491.263674236936	1.2722233034596908	1.2577130283805256	0.2	0.031232299338429817	7546.257806680137	7540.26102265897	1.447354472300553	1.3875131270483065	0.08856010845941296	0.1267113459324743	
8560.752322290986	8560.752322280478	1.2274695352047897	1.2274648944457254	0.08984791282643076	1e-10	8146.110350781454	8139.1143888971155	1.464016182730415	1.3989664717061772	0.0411820972783454	0.14188218324190371	
7214.722156580901	7214.722156573198	1.1857466468467757	1.185744869753437	0.005193397341942574	1e-10	7949.991423019692	7938.775509286254	1.3847373964713268	1.3083579670828605	0.041954142006490266	0.1703724921311412	
8015.66266895755	8015.662668961484	1.2538543840481835	1.2538530921842932	0.03201067410512692	1e-10	7682.222228757389	7675.016710762016	1.3902030125515912	1.3215910686769807	0.02469571248354831	0.13425402543906204	
8298.618322965422	8298.432702365164	1.1780162846210849	1.1678110253855394	0.002573803659297242	0.018394711972219542	8640.764785722258	8637.266807098327	1.3065270723697968	1.259256055302901	0.021815555700796487	0.09402092333205282	
7057.791137541857	7057.171608781654	1.160601414907204	1.1410785994676718	0.041104077220982214	0.03353302911538996	9059.444079878942	9057.017192902964	1.3002810477645452	1.2616449144499966	0.06605179998949047	0.07695803343276256	
7989.745524585176	7989.745524587383	1.2362807292037377	1.2362820119573257	0.016825215884153113	1e-10	7279.559876075476	7274.673072106398	1.3979273069141716	1.343666268787395	0.019640982265920693	0.10574263195312493	
8058.5193173197395	8058.511442225232	1.2660245927121576	1.2638800222212978	0.04375614485000963	0.00399788795287144	8664.716685320267	8661.601375614377	1.2924102540188842	1.2526539583781366	0.02164473638860704	0.08481349034592359	
11776.291105588225	11776.284774222553	1.1563875183025416	1.1547138310038298	0.003596347713910027	0.003613700703888593	8708.475591269456	8705.167469026439	1.3028463794416902	1.2589410437761321	0.03762928148250907	0.08289140142987675	
8687.407359986919	8687.407359987697	1.225340137738962	1.2253444606611141	0.047448178054446025	1e-10	8578.040710962838	8574.507731816519	1.347809209256924	1.302835909323388	0.0025519393736487374	0.09555238445818658	
8451.450413537501	8451.308004020524	1.154581210319004	1.1455508718106446	0.015868277164552	0.016585466080947686	9155.514997902763	9149.22917916279	1.3520665158503775	1.286971688016063	0.09986600251801066	0.1283372874647136	
8699.688643692169	8699.688643499898	1.2542351863705696	1.2542113136103343	0.08915660340178277	1e-10	7889.062433723136	7883.525262820123	1.3887095473900104	1.3307736594672377	0.030759422882389635	0.11576568224489929	
9006.847105064506	9006.367892702372	1.1788752063989076	1.1636829388588203	0.026223650553587524	0.030131177188559316	9536.299327782528	9535.675656537373	1.3378285811283128	1.3200348106916513	0.12222861485032736	0.03902387901100002	
9117.251455349486	9117.251455352223	1.1906864847314438	1.1906826063408833	0.0031369495735403185	1e-10	8291.83871938622	8285.048848414333	1.3388725220184745	1.2738233617841035	0.019304624871027125	0.12898603789909854	
9027.49359806687	9027.455221198865	1.1858390710156657	1.1814763211355706	0.028234573901339034	0.008688323317696353	9106.396717050213	9095.503058105147	1.3245426970938508	1.251858334180659	0.07307312920897868	0.17018809839702617	
8243.602270133135	8243.301023235286	1.2141552022213153	1.2014756361740868	0.10175921718591803	0.024826336809749893	7753.008915744824	7752.618742254065	1.3669836231430088	1.352385407516295	0.0029316453882086207	0.02974225156886733	
9129.71395237977	9129.713952408225	1.181533567795475	1.1815305681675727	0.052144587911830076	1e-10	10186.890406220116	10184.524543688087	1.3083168024571314	1.2744580846174662	0.013026145910145188	0.0771743878773909	
8787.592909712555	8787.592909716817	1.2111629569420643	1.2111625716733956	0.014343199845976389	1e-10	7892.687165035232	7891.115028537327	1.399814423622547	1.3666382366697363	0.03133294658408402	0.06143973901317889	
9546.722381702797	9546.722381716274	1.2060019589501063	1.2060064217829873	0.03540136923284749	1e-10	10682.425627361183	10678.312829664537	1.3702326517741925	1.3247474035655231	0.046753147773515885	0.1099364777610189	
9584.345770985894	9584.242798633644	1.231483677441824	1.223947238824612	0.116344343243493	0.01521837514803377	7886.92245300759	7884.17830826991	1.4046070041562466	1.3623133737528719	0.05523753691220219	0.08635738416106083	
7869.5164026817865	7869.5135131339475	1.2434769645647308	1.2421029881696142	0.010728894398479972	0.002388919379662626	10989.870052651693	10989.549388818108	1.298467449341289	1.2864076071258883	0.10563296569625538	0.02911134357223049	
7808.735296301329	7808.735296307447	1.1946082471708304	1.1946046308472793	0.009463261988322142	1e-10	6640.011957223159	6632.964523668774	1.3703204314357698	1.3020713342849257	0.008247086462525878	0.13204063765904808	
9857.174586257186	9857.174586264102	1.1127551249207999	1.1127549972411677	0.18749915223127914	1e-10	8304.218317113684	8303.341968024348	1.2660304016596313	1.2440246004464781	0.05300855136068205	0.04341796317561335	
8995.631340530063	8995.604412497634	1.2682867600590473	1.2646551632118836	0.055196629586790676	0.007465750032014374	8069.128963143657	8062.240652385973	1.4070340235050354	1.3454001135702582	0.018327449893380116	0.12990697054683434	
10341.621644141609	10341.529198492124	1.216192850332346	1.2095672643321835	0.019572892722910237	0.013197899558344262	6896.4815296674915	6882.415214815309	1.3465056505986925	1.248258118492869	1e-10	0.16933135525961987	
7611.48521326179	7611.485213254174	1.2577824467118037	1.2577886805929106	0.04764967905654123	1e-10	7457.105953698484	7452.63245324975	1.4405748187455047	1.3886398013993007	0.010267431861856881	0.10542736644872934	
9955.891142497314	9955.89114249764	1.189215573507586	1.1892194822744115	0.09724717608928117	1e-10	8411.031477578175	8408.552717760069	1.3254162609784872	1.2868678465839187	0.0020918018431704552	0.07669830511500664	
8799.473481804112	8799.473481804087	1.2439884388937854	1.2439871848459052	0.12816169795538526	1e-10	7541.801448192075	7539.509943701025	1.4062949496960218	1.3682770471185572	0.06236277686086762	0.0752606103462849	
10122.339461765443	10122.339461772763	1.177376168695944	1.1773739477388596	0.024109184012102623	1e-10	7189.995468211235	7184.3324642757425	1.365051226127005	1.304186307052912	0.030754651749495755	0.11421589186584141	
10998.26873264539	10998.268732648046	1.175811173882587	1.175811555701663	0.01615813874781625	1e-10	7836.6669762360525	7828.661901777802	1.3310828831500858	1.262364710294357	0.051929269835834284	0.13656136174121408	
8802.486111231214	8802.479043846639	1.1960510932254924	1.1939357334349225	0.006105177014057039	0.0037416567588135874	5915.703050393695	5910.411794220302	1.4280246708083322	1.3650880778084158	0.0007122047349517108	0.11121605358030341	
8815.226732538133	8815.226732538138	1.2396491583223552	1.2396476099614795	0.0625052691573775	1e-10	8031.330259750835	8028.590587106304	1.3809763396925583	1.3402808253718388	0.09055997200604893	0.08140596564698492	
8462.073620774127	8462.07362078005	1.2241223595443578	1.2241248638575064	0.014253390902579786	1e-10	7437.05849703398	7434.52698359651	1.4461759268279974	1.4083672843071477	0.02531608486295032	0.0786815367508864	
9147.228689314567	9147.228689320484	1.1698809257293556	1.169878123170294	0.15999798913669938	1e-10	11685.035261316889	11680.983799115544	1.3179824674521965	1.2738491817047999	0.07774525260919662	0.10110803841198393	
6818.117143741076	6818.091864100993	1.2809088933114432	1.276837207774264	0.026331792248796	0.007271468945164116	8278.981315351046	8276.561526511552	1.4250674912457675	1.3853458107716758	0.009872770618825561	0.08013333523530182	
8717.363708824656	8717.175684138467	1.2277600231520993	1.2177010013542007	0.012971406757270678	0.019673973330384453	7110.8136005392835	7096.325971765129	1.3471972824785203	1.2520491779682061	0.008446273168534829	0.1860122559947063	
10278.868159419366	10278.344527844918	1.1829070666797374	1.16758944954987	0.03889024925526547	0.033518731806474	6794.548731692806	6789.909145941784	1.4819618781155977	1.4203241246235143	0.03459070500487036	0.10918343727337973	
8326.629702860866	8326.58887593673	1.1984704248702718	1.1938163730542408	0.0714868887348106	0.008885897074686086	8647.929598266166	8639.543932094204	1.3645750611006389	1.2976733117991668	0.1044937050229554	0.14990275420038707	
8430.63572721025	8429.028855220982	1.1707808818231586	1.143101487025636	0.00967884418265391	0.05555745912409518	8060.612934253239	8050.2146231691695	1.266611876922955	1.1906252187312207	0.11043427747661788	0.1567267649485115	
7580.712216767474	7580.19882565648	1.196889642728872	1.1795496704572856	0.06745859263216383	0.03151422882914791	9700.98607597533	9697.279734421836	1.4079016207191892	1.3621582277485993	0.006178449276794702	0.0989462069650106	
7452.437024477753	7452.437024475403	1.2153927895810446	1.2153951120938689	0.019649821575401866	1e-10	7963.40352811575	7961.667099813821	1.3606517010176908	1.3266644810728505	0.03054853987048836	0.06647830762740685	
7971.339160416839	7970.663077558716	1.1767332267873079	1.1569379834862137	0.02222832963848384	0.03693128198720492	8656.256254919354	8649.5766518235	1.3702778712937995	1.3042339578230486	0.0015717739380947	0.13431559749492894	
