population in sample
0	0	1

generation in sample
0.0	1000.0	1000.0

expected_linearlized_fst_array
0.0	0.025	0.07495	0.025	0.0	0.04995	0.07495	0.04995	0.0	

mean_linearlized_fst_array
0.0	0.03549871059121441	0.7298183524502267	0.03549871059121441	0.0	0.7030601756988125	0.7298183524502267	0.7030601756988125	0.0

median_linearlized_fst_array
0.0	0.012702069340181008	0.5381621332654043	0.012702069340181008	0.0	0.4762368809151455	0.5381621332654043	0.4762368809151455	0.0

std_linearlized_fst_array
0.0	0.08725558558806006	0.7648690267663175	0.08725558558806006	0.0	1.0754749002344213	0.7648690267663175	1.0754749002344213	0.0

linearlized_fst_array
0.0	0.08408626923165069	0.2226705408309991	0.08408626923165069	0.0	0.2528172432765361	0.2226705408309991	0.2528172432765361	0.0
0.0	0.029746096675032016	0.12284310029339185	0.029746096675032016	0.0	0.03855451558916397	0.12284310029339185	0.03855451558916397	0.0
0.0	-0.045012090304409835	1.286344642196775	-0.045012090304409835	0.0	1.1902240644428361	1.286344642196775	1.1902240644428361	0.0
0.0	-0.011422952936043987	0.16968433676244993	-0.011422952936043987	0.0	0.11154754505906483	0.16968433676244993	0.11154754505906483	0.0
0.0	0.07241914890918139	0.30327132572739673	0.07241914890918139	0.0	0.05338417022011686	0.30327132572739673	0.05338417022011686	0.0
0.0	0.16443749617688777	0.29959164001470645	0.16443749617688777	0.0	0.12664239970412675	0.29959164001470645	0.12664239970412675	0.0
0.0	0.04735637987058606	0.1394859201231644	0.04735637987058606	0.0	0.05950820735740746	0.1394859201231644	0.05950820735740746	0.0
0.0	0.06274016553603382	0.36484247647419016	0.06274016553603382	0.0	0.3998625429553205	0.36484247647419016	0.3998625429553205	0.0
0.0	0.1411784481128271	0.8511718555064449	0.1411784481128271	0.0	1.377330375178014	0.8511718555064449	1.377330375178014	0.0
0.0	0.028541279137483017	0.20007376444550967	0.028541279137483017	0.0	0.1946296138436007	0.20007376444550967	0.1946296138436007	0.0
0.0	0.11148358533477544	0.49661914740045643	0.11148358533477544	0.0	0.6850982066609793	0.49661914740045643	0.6850982066609793	0.0
0.0	0.13395916879777228	0.8031392190528764	0.13395916879777228	0.0	0.43086877021898	0.8031392190528764	0.43086877021898	0.0
0.0	0.05598037706195777	0.7515178561124001	0.05598037706195777	0.0	1.1359722805544474	0.7515178561124001	1.1359722805544474	0.0
0.0	0.020963975419540853	0.553458176611589	0.020963975419540853	0.0	0.1886620164870138	0.553458176611589	0.1886620164870138	0.0
0.0	-0.036432583216713804	0.9676129006684976	-0.036432583216713804	0.0	1.0392690513219043	0.9676129006684976	1.0392690513219043	0.0
0.0	0.004091137136824422	1.51018386057313	0.004091137136824422	0.0	0.730847655111985	1.51018386057313	0.730847655111985	0.0
0.0	-0.03215183479578054	0.16129889866534108	-0.03215183479578054	0.0	0.1647687713451257	0.16129889866534108	0.1647687713451257	0.0
0.0	-0.008507407282833859	2.333779665362069	-0.008507407282833859	0.0	2.6405714561512545	2.333779665362069	2.6405714561512545	0.0
0.0	0.049103673931401914	0.8764212513853185	0.049103673931401914	0.0	1.0924312896405735	0.8764212513853185	1.0924312896405735	0.0
0.0	0.15891537314511284	1.5036168815059223	0.15891537314511284	0.0	0.259020972668461	1.5036168815059223	0.259020972668461	0.0
0.0	0.129658098448429	0.526136961645246	0.129658098448429	0.0	0.4228624535316289	0.526136961645246	0.4228624535316289	0.0
0.0	0.0012917332861377675	0.06926450755274076	0.0012917332861377675	0.0	-0.015449306961515292	0.06926450755274076	-0.015449306961515292	0.0
0.0	0.02336236274133661	1.3330198092351568	0.02336236274133661	0.0	0.5921901528012582	1.3330198092351568	0.5921901528012582	0.0
0.0	-0.002657364589622529	1.5714998365172432	-0.002657364589622529	0.0	0.6852643419573377	1.5714998365172432	0.6852643419573377	0.0
0.0	-0.006178213665783396	0.3587608004698371	-0.006178213665783396	0.0	0.2902267891901349	0.3587608004698371	0.2902267891901349	0.0
0.0	0.0342558037099484	1.1432885719577184	0.0342558037099484	0.0	0.6401695265660579	1.1432885719577184	0.6401695265660579	0.0
0.0	-0.011077803205810947	0.589477381511534	-0.011077803205810947	0.0	0.5434579439252187	0.589477381511534	0.5434579439252187	0.0
0.0	0.0744867884811999	0.27598777364057947	0.0744867884811999	0.0	0.5382701987728046	0.27598777364057947	0.5382701987728046	0.0
0.0	-0.008725464390424948	0.5967216218912943	-0.008725464390424948	0.0	0.31834621206082814	0.5967216218912943	0.31834621206082814	0.0
0.0	0.10303254893745278	0.4133298405195278	0.10303254893745278	0.0	0.6245034206959872	0.4133298405195278	0.6245034206959872	0.0
0.0	0.04184975006334828	0.6319480942839609	0.04184975006334828	0.0	0.6010233715945442	0.6319480942839609	0.6010233715945442	0.0
0.0	-0.010542517864547829	0.45469240726138616	-0.010542517864547829	0.0	0.4967194751159891	0.45469240726138616	0.4967194751159891	0.0
0.0	0.10254546490132391	2.098634509992986	0.10254546490132391	0.0	1.0343840482985558	2.098634509992986	1.0343840482985558	0.0
0.0	0.1253480351117464	0.6779085342752423	0.1253480351117464	0.0	0.6709259082673685	0.6779085342752423	0.6709259082673685	0.0
0.0	0.05787826944872378	0.2336523742446003	0.05787826944872378	0.0	0.101776099011422	0.2336523742446003	0.101776099011422	0.0
0.0	0.020139952576446855	0.11427519899153245	0.020139952576446855	0.0	0.1148987549450347	0.11427519899153245	0.1148987549450347	0.0
0.0	0.024805082341024392	0.22122519814142025	0.024805082341024392	0.0	0.2105425181747772	0.22122519814142025	0.2105425181747772	0.0
0.0	-0.043142837348990735	0.29910369979135937	-0.043142837348990735	0.0	0.20958502240233073	0.29910369979135937	0.20958502240233073	0.0
0.0	0.005258525180095021	0.31611805644184476	0.005258525180095021	0.0	0.2773327464788388	0.31611805644184476	0.2773327464788388	0.0
0.0	0.12422780843914177	0.1354831314495251	0.12422780843914177	0.0	0.5514442220120492	0.1354831314495251	0.5514442220120492	0.0
0.0	0.02632452222344526	0.12565766254113364	0.02632452222344526	0.0	0.09352868757541351	0.12565766254113364	0.09352868757541351	0.0
0.0	0.0036624234068972183	0.4155162621334734	0.0036624234068972183	0.0	0.4962811409315192	0.4155162621334734	0.4962811409315192	0.0
0.0	0.13311122684010868	0.46558844807550664	0.13311122684010868	0.0	0.28286701594029623	0.46558844807550664	0.28286701594029623	0.0
0.0	-0.004225677469139924	1.0225289204291923	-0.004225677469139924	0.0	0.9443522320257776	1.0225289204291923	0.9443522320257776	0.0
0.0	0.010778376765903036	0.23880168384691233	0.010778376765903036	0.0	0.08086585686280215	0.23880168384691233	0.08086585686280215	0.0
0.0	0.09611428036648441	1.3371751539525742	0.09611428036648441	0.0	2.954596622889373	1.3371751539525742	2.954596622889373	0.0
0.0	0.07458321840871449	0.22828119248350826	0.07458321840871449	0.0	0.35720648156925483	0.22828119248350826	0.35720648156925483	0.0
0.0	0.006579815727043212	0.5199844669735568	0.006579815727043212	0.0	0.35192291989870217	0.5199844669735568	0.35192291989870217	0.0
0.0	-0.003467902500255849	1.3421468532404905	-0.003467902500255849	0.0	1.928994082840252	1.3421468532404905	1.928994082840252	0.0
0.0	0.0849084864474069	0.9602373010226571	0.0849084864474069	0.0	1.1270772399587228	0.9602373010226571	1.1270772399587228	0.0
0.0	0.14924173203577154	0.5648411962114165	0.14924173203577154	0.0	0.16983487231930494	0.5648411962114165	0.16983487231930494	0.0
0.0	0.07283312333340457	0.0005456063606375679	0.07283312333340457	0.0	0.022446733455644578	0.0005456063606375679	0.022446733455644578	0.0
0.0	-0.026903015851684357	0.6990619515676886	-0.026903015851684357	0.0	0.6551746724890566	0.6990619515676886	0.6551746724890566	0.0
0.0	0.14564888754197822	0.4729064883244664	0.14564888754197822	0.0	1.0059423503325964	0.4729064883244664	1.0059423503325964	0.0
0.0	-0.0010308518576854406	3.1880824417389757	-0.0010308518576854406	0.0	2.54505873696483	3.1880824417389757	2.54505873696483	0.0
0.0	-0.023898181562351625	0.0832254890286613	-0.023898181562351625	0.0	-0.021704658077282713	0.0832254890286613	-0.021704658077282713	0.0
0.0	-0.0336572676048555	2.1744340556628514	-0.0336572676048555	0.0	2.757369942196178	2.1744340556628514	2.757369942196178	0.0
0.0	-0.007745613972073481	1.4777964893568203	-0.007745613972073481	0.0	1.2690010786350667	1.4777964893568203	1.2690010786350667	0.0
0.0	0.13491310443975071	0.645053306811522	0.13491310443975071	0.0	0.5752638632936897	0.645053306811522	0.5752638632936897	0.0
0.0	-0.0056014123666387585	0.20228076309642973	-0.0056014123666387585	0.0	0.11819726409342401	0.20228076309642973	0.11819726409342401	0.0
0.0	0.008827056783934317	0.2813904661106023	0.008827056783934317	0.0	0.47520572697875463	0.2813904661106023	0.47520572697875463	0.0
0.0	-0.014562199532491764	0.18424833279720124	-0.014562199532491764	0.0	0.14755499843307973	0.18424833279720124	0.14755499843307973	0.0
0.0	-0.022971132016054288	0.7169300163186906	-0.022971132016054288	0.0	0.4967114359075261	0.7169300163186906	0.4967114359075261	0.0
0.0	-0.03162609749547388	0.008627009067857062	-0.03162609749547388	0.0	0.01308078424636789	0.008627009067857062	0.01308078424636789	0.0
0.0	0.023647982098191276	0.2077928183403381	0.023647982098191276	0.0	0.39994209612046105	0.2077928183403381	0.39994209612046105	0.0
0.0	-0.038405165829470754	0.3579867159145634	-0.038405165829470754	0.0	0.36859483230990747	0.3579867159145634	0.36859483230990747	0.0
0.0	-0.010653037573567392	0.7452066133393694	-0.010653037573567392	0.0	0.9627074800603276	0.7452066133393694	0.9627074800603276	0.0
0.0	0.0381523885283977	0.23758865462608592	0.0381523885283977	0.0	0.3910644548744687	0.23758865462608592	0.3910644548744687	0.0
0.0	0.06084153958971195	0.010938479465081434	0.06084153958971195	0.0	0.020564160145283814	0.010938479465081434	0.020564160145283814	0.0
0.0	-0.02096787405988502	3.1264863867152175	-0.02096787405988502	0.0	2.4855321235897585	3.1264863867152175	2.4855321235897585	0.0
0.0	-0.012624887306960828	0.2783300301649439	-0.012624887306960828	0.0	0.14120530243955207	0.2783300301649439	0.14120530243955207	0.0
0.0	-0.005608316966262509	0.9852812366973612	-0.005608316966262509	0.0	0.6327982750358743	0.9852812366973612	0.6327982750358743	0.0
0.0	0.02508590096678885	0.6151957049158282	0.02508590096678885	0.0	0.9145495594367551	0.6151957049158282	0.9145495594367551	0.0
0.0	0.2819422976451383	0.7904109238976565	0.2819422976451383	0.0	0.21390205371252113	0.7904109238976565	0.21390205371252113	0.0
0.0	0.0534140643777804	0.5372479007710024	0.0534140643777804	0.0	0.343183646112625	0.5372479007710024	0.343183646112625	0.0
0.0	-0.03162581361408598	0.7579940553633916	-0.03162581361408598	0.0	0.8261314241882107	0.7579940553633916	0.8261314241882107	0.0
0.0	0.1896604093499516	0.43081926857082686	0.1896604093499516	0.0	0.1800250731300014	0.43081926857082686	0.1800250731300014	0.0
0.0	0.11975842440423674	1.343130501056515	0.11975842440423674	0.0	0.5783898305084726	1.343130501056515	0.5783898305084726	0.0
0.0	0.1594007059329117	0.7788629392707658	0.1594007059329117	0.0	0.8783153983123231	0.7788629392707658	0.8783153983123231	0.0
0.0	-0.028616456925360793	0.614277804576819	-0.028616456925360793	0.0	0.6611744622738623	0.614277804576819	0.6611744622738623	0.0
0.0	0.028740742114638958	0.28243676561928543	0.028740742114638958	0.0	0.2301249934075202	0.28243676561928543	0.2301249934075202	0.0
0.0	0.027966658244088755	0.6819224522372824	0.027966658244088755	0.0	0.6051713222073042	0.6819224522372824	0.6051713222073042	0.0
0.0	-0.019188453649702567	1.252098192295487	-0.019188453649702567	0.0	0.673196023402948	1.252098192295487	0.673196023402948	0.0
0.0	0.11764751689929773	0.3257650558310175	0.11764751689929773	0.0	1.1285069948780249	0.3257650558310175	1.1285069948780249	0.0
0.0	0.0049009215801794	1.0031022107800842	0.0049009215801794	0.0	1.0127022168963518	1.0031022107800842	1.0127022168963518	0.0
0.0	0.08721695900444205	1.7844806786097498	0.08721695900444205	0.0	0.5181347150258887	1.7844806786097498	0.5181347150258887	0.0
0.0	0.04222436600412272	0.9159092767209925	0.04222436600412272	0.0	0.5117902154763811	0.9159092767209925	0.5117902154763811	0.0
0.0	-0.008981192420765746	1.0133875124116332	-0.008981192420765746	0.0	0.6648178683856009	1.0133875124116332	0.6648178683856009	0.0
0.0	-0.010466978271395542	0.894151966216409	-0.010466978271395542	0.0	0.8116829879298842	0.894151966216409	0.8116829879298842	0.0
0.0	0.03081199437178283	0.07301714615709169	0.03081199437178283	0.0	0.07908815097277165	0.07301714615709169	0.07908815097277165	0.0
0.0	0.05251912508016912	0.852431808019071	0.05251912508016912	0.0	0.8920394297608549	0.852431808019071	0.8920394297608549	0.0
0.0	-0.03480557210700973	0.20604804025241544	-0.03480557210700973	0.0	0.16782547501757833	0.20604804025241544	0.16782547501757833	0.0
0.0	0.01606437685077416	0.24546615863923085	0.01606437685077416	0.0	0.32560922730019537	0.24546615863923085	0.32560922730019537	0.0
0.0	-0.003218707881388691	0.25645521640649627	-0.003218707881388691	0.0	0.27447668013222665	0.25645521640649627	0.27447668013222665	0.0
0.0	-0.04312933433948267	0.48846985558316613	-0.04312933433948267	0.0	0.5154903316993488	0.48846985558316613	0.5154903316993488	0.0
0.0	-0.03965198360588518	0.8863941615307692	-0.03965198360588518	0.0	0.6537103326227203	0.8863941615307692	0.6537103326227203	0.0
0.0	0.04685042254021656	0.9179276275655085	0.04685042254021656	0.0	0.7467366422868568	0.9179276275655085	0.7467366422868568	0.0
0.0	0.019140266647797312	0.8847824413152312	0.019140266647797312	0.0	1.255855075766145	0.8847824413152312	1.255855075766145	0.0
0.0	0.14179233275039654	0.6731040402445767	0.14179233275039654	0.0	0.8147799165432511	0.6731040402445767	0.8147799165432511	0.0
0.0	-0.03614263005913574	0.644627721228378	-0.03614263005913574	0.0	0.6183728316637962	0.644627721228378	0.6183728316637962	0.0
0.0	0.0578244496980967	0.5814429704742388	0.0578244496980967	0.0	0.5531167034364342	0.5814429704742388	0.5531167034364342	0.0
0.0	0.01762820906638776	0.42433475264031567	0.01762820906638776	0.0	0.8613418891072874	0.42433475264031567	0.8613418891072874	0.0
0.0	-0.009878686006745999	0.3570280574554006	-0.009878686006745999	0.0	0.5217141799333627	0.3570280574554006	0.5217141799333627	0.0
0.0	0.05312225568065495	2.300923149265791	0.05312225568065495	0.0	2.4278190577280903	2.300923149265791	2.4278190577280903	0.0
0.0	-0.0033377216530903714	0.42255777076690487	-0.0033377216530903714	0.0	0.3292343090885605	0.42255777076690487	0.3292343090885605	0.0
0.0	0.00828207149375187	0.1689328658859865	0.00828207149375187	0.0	0.1487908680017467	0.1689328658859865	0.1487908680017467	0.0
0.0	0.004943700660640255	1.419553600535865	0.004943700660640255	0.0	1.8924485125859	1.419553600535865	1.8924485125859	0.0
0.0	-0.008362198715670125	3.1515718247166267	-0.008362198715670125	0.0	2.1800571076646897	3.1515718247166267	2.1800571076646897	0.0
0.0	0.01737099424501936	0.7508622068811531	0.01737099424501936	0.0	0.7248942274959708	0.7508622068811531	0.7248942274959708	0.0
0.0	0.1523763228609539	0.22913858673449797	0.1523763228609539	0.0	0.564832817006727	0.22913858673449797	0.564832817006727	0.0
0.0	-0.030853243865241128	0.40041737126195015	-0.030853243865241128	0.0	0.37687707641187834	0.40041737126195015	0.37687707641187834	0.0
0.0	0.03360830370596504	0.4514517831079988	0.03360830370596504	0.0	0.081582656554115	0.4514517831079988	0.081582656554115	0.0
0.0	0.06599927081577828	0.544734066558391	0.06599927081577828	0.0	0.20368282504010354	0.544734066558391	0.20368282504010354	0.0
0.0	0.09882930727154675	0.31016599877869194	0.09882930727154675	0.0	0.3574713910877117	0.31016599877869194	0.3574713910877117	0.0
0.0	0.026140378079613686	0.47291351992024316	0.026140378079613686	0.0	0.35976271186441183	0.47291351992024316	0.35976271186441183	0.0
0.0	0.06646394602873892	0.45115407947442127	0.06646394602873892	0.0	0.3396104974669776	0.45115407947442127	0.3396104974669776	0.0
0.0	0.02888220877474773	0.9856589336149717	0.02888220877474773	0.0	1.3443732193731992	0.9856589336149717	1.3443732193731992	0.0
0.0	-0.03722976151868591	0.6045210917978682	-0.03722976151868591	0.0	0.47871515494548883	0.6045210917978682	0.47871515494548883	0.0
0.0	0.008732084355501294	0.589381598553287	0.008732084355501294	0.0	0.9361609094883985	0.589381598553287	0.9361609094883985	0.0
0.0	-0.017581694868837094	0.556544388156893	-0.017581694868837094	0.0	0.3651655234118679	0.556544388156893	0.3651655234118679	0.0
0.0	-0.0104489133804241	0.7105203967435356	-0.0104489133804241	0.0	0.7116680707666848	0.7105203967435356	0.7116680707666848	0.0
0.0	-0.006808235382057579	0.6520117142405392	-0.006808235382057579	0.0	0.7783966580464979	0.6520117142405392	0.7783966580464979	0.0
0.0	-0.015538488737646034	0.748131194953481	-0.015538488737646034	0.0	0.908310426629521	0.748131194953481	0.908310426629521	0.0
0.0	0.027851163580114507	0.40037749121166805	0.027851163580114507	0.0	0.5935361029495797	0.40037749121166805	0.5935361029495797	0.0
0.0	-0.0069625114830275	0.2773052461360967	-0.0069625114830275	0.0	0.2994351035199088	0.2773052461360967	0.2994351035199088	0.0
0.0	-0.011715426161902647	0.23109393762857414	-0.011715426161902647	0.0	0.08505874640715244	0.23109393762857414	0.08505874640715244	0.0
0.0	0.0021504593208861826	0.48144268418824887	0.0021504593208861826	0.0	0.7920270527719503	0.48144268418824887	0.7920270527719503	0.0
0.0	-0.02489051747058002	0.7502187098780757	-0.02489051747058002	0.0	0.8329052412357001	0.7502187098780757	0.8329052412357001	0.0
0.0	0.019737324371574935	1.5485191890651802	0.019737324371574935	0.0	0.8136882129277394	1.5485191890651802	0.8136882129277394	0.0
0.0	0.11678489854125301	0.469901345261662	0.11678489854125301	0.0	0.9816037353291193	0.469901345261662	0.9816037353291193	0.0
0.0	-0.005725887129997584	0.16121223764471093	-0.005725887129997584	0.0	0.2037111863985295	0.16121223764471093	0.2037111863985295	0.0
0.0	0.1087233071129373	0.022109046283329464	0.1087233071129373	0.0	0.09095184280559411	0.022109046283329464	0.09095184280559411	0.0
0.0	0.026459985298366632	0.38280406051188753	0.026459985298366632	0.0	0.5067873303167246	0.38280406051188753	0.5067873303167246	0.0
0.0	-0.015648945593617125	0.7258017325706762	-0.015648945593617125	0.0	0.359423669792109	0.7258017325706762	0.359423669792109	0.0
0.0	0.030815116491898827	0.6635584965234477	0.030815116491898827	0.0	0.6879651316727219	0.6635584965234477	0.6879651316727219	0.0
0.0	0.04531262310763075	1.0187094328451058	0.04531262310763075	0.0	1.366493212011986	1.0187094328451058	1.366493212011986	0.0
0.0	-0.01955031647160397	1.206043945513946	-0.01955031647160397	0.0	1.1738981892723173	1.206043945513946	1.1738981892723173	0.0
0.0	-0.05050836721240488	1.7877271087047093	-0.05050836721240488	0.0	1.4816509388997896	1.7877271087047093	1.4816509388997896	0.0
0.0	0.05063607499716365	0.7994602247588686	0.05063607499716365	0.0	1.2869772998805968	0.7994602247588686	1.2869772998805968	0.0
0.0	0.0154356297810348	8.792809965789656	0.0154356297810348	0.0	6.066924714534324	8.792809965789656	6.066924714534324	0.0
0.0	0.05673576483621536	0.5885045695661747	0.05673576483621536	0.0	0.43429170779863524	0.5885045695661747	0.43429170779863524	0.0
0.0	0.003176471106882227	0.775702299111975	0.003176471106882227	0.0	0.4781400437636176	0.775702299111975	0.4781400437636176	0.0
0.0	0.09200285844207612	0.5642605502951378	0.09200285844207612	0.0	0.4028465450394447	0.5642605502951378	0.4028465450394447	0.0
0.0	0.04611958177824305	0.4403138318481023	0.04611958177824305	0.0	0.4527166254345403	0.4403138318481023	0.4527166254345403	0.0
0.0	-0.0431183018920532	0.548701627323794	-0.0431183018920532	0.0	0.5106730714025587	0.548701627323794	0.5106730714025587	0.0
0.0	0.04363375409813296	0.8340165219732942	0.04363375409813296	0.0	0.7826593637105977	0.8340165219732942	0.7826593637105977	0.0
0.0	0.016728414282852624	1.019940561901658	0.016728414282852624	0.0	0.68335167160377	1.019940561901658	0.68335167160377	0.0
0.0	0.7784460749386595	2.650181586419967	0.7784460749386595	0.0	0.16934702577012922	2.650181586419967	0.16934702577012922	0.0
0.0	0.008672079428719134	1.5865981143353725	0.008672079428719134	0.0	1.2176662195822043	1.5865981143353725	1.2176662195822043	0.0
0.0	-0.03879031458657208	0.013392536665826014	-0.03879031458657208	0.0	-0.015691930482429853	0.013392536665826014	-0.015691930482429853	0.0
0.0	0.151918601889404	1.304051306010955	0.151918601889404	0.0	0.8664987405541675	1.304051306010955	0.8664987405541675	0.0
0.0	0.06593040913668857	0.5306359394403456	0.06593040913668857	0.0	0.6160237920346643	0.5306359394403456	0.6160237920346643	0.0
0.0	0.03978080112999246	0.13550569117978403	0.03978080112999246	0.0	0.2890686414127546	0.13550569117978403	0.2890686414127546	0.0
0.0	-0.002797115075472165	0.24258427122717074	-0.002797115075472165	0.0	0.20540875766904687	0.24258427122717074	0.20540875766904687	0.0
0.0	-0.004193291485488714	0.989273599950411	-0.004193291485488714	0.0	0.8132801441256952	0.989273599950411	0.8132801441256952	0.0
0.0	-0.022701462451422648	0.2898115784976954	-0.022701462451422648	0.0	0.16997531767068658	0.2898115784976954	0.16997531767068658	0.0
0.0	0.007157771438441651	0.15969533816094125	0.007157771438441651	0.0	0.13693260215816472	0.15969533816094125	0.13693260215816472	0.0
0.0	-0.01757098773917067	0.7253772553247932	-0.01757098773917067	0.0	0.4088849287167652	0.7253772553247932	0.4088849287167652	0.0
0.0	0.01009381841340462	0.42328779594538285	0.01009381841340462	0.0	0.6974410789202259	0.42328779594538285	0.6974410789202259	0.0
0.0	0.01823147903650353	0.27595640694933693	0.01823147903650353	0.0	0.10632489753429572	0.27595640694933693	0.10632489753429572	0.0
0.0	0.24443525203544783	0.3551660522731349	0.24443525203544783	0.0	0.588979712845761	0.3551660522731349	0.588979712845761	0.0
0.0	0.00777360076434822	0.4795811864855686	0.00777360076434822	0.0	0.795517704045575	0.4795811864855686	0.795517704045575	0.0
0.0	0.011953334985814341	1.2770950200672433	0.011953334985814341	0.0	0.7283475192027808	1.2770950200672433	0.7283475192027808	0.0
0.0	-0.0060587945626946705	0.6174728278399867	-0.0060587945626946705	0.0	0.5265983751324641	0.6174728278399867	0.5265983751324641	0.0
0.0	0.08253632957184864	0.516598534764618	0.08253632957184864	0.0	0.11919498515338392	0.516598534764618	0.11919498515338392	0.0
0.0	-0.03317047223989907	0.042722432848020915	-0.03317047223989907	0.0	-0.05388138203199878	0.042722432848020915	-0.05388138203199878	0.0
0.0	0.054664582941401293	2.1255409633081017	0.054664582941401293	0.0	2.7410121818360302	2.1255409633081017	2.7410121818360302	0.0
0.0	0.03448604145015059	0.3271962522742803	0.03448604145015059	0.0	0.2861264623555803	0.3271962522742803	0.2861264623555803	0.0
0.0	0.029904434493152377	1.4844137535990407	0.029904434493152377	0.0	0.6749126531703845	1.4844137535990407	0.6749126531703845	0.0
0.0	0.03571615225093388	1.3492855328876767	0.03571615225093388	0.0	0.5736372330251799	1.3492855328876767	0.5736372330251799	0.0
0.0	0.00481558922168462	0.03305351201958616	0.00481558922168462	0.0	-0.034419368717546084	0.03305351201958616	-0.034419368717546084	0.0
0.0	0.12222615416043504	0.7579746448637336	0.12222615416043504	0.0	0.2669118393020251	0.7579746448637336	0.2669118393020251	0.0
0.0	0.11262378856577193	4.834868294646046	0.11262378856577193	0.0	1.1130378120078692	4.834868294646046	1.1130378120078692	0.0
0.0	0.023997032648920443	0.42084006396265855	0.023997032648920443	0.0	0.8594014091573939	0.42084006396265855	0.8594014091573939	0.0
0.0	-0.01852786596808737	1.1963661742468013	-0.01852786596808737	0.0	0.877451802179379	1.1963661742468013	0.877451802179379	0.0
0.0	-0.02060710459365831	0.10649326259579009	-0.02060710459365831	0.0	0.049877563779740085	0.10649326259579009	0.049877563779740085	0.0
0.0	-0.011444682791277338	0.40372522428760327	-0.011444682791277338	0.0	0.330209045764102	0.40372522428760327	0.330209045764102	0.0
0.0	0.6768025264137315	2.4572995921053544	0.6768025264137315	0.0	0.45530632741877464	2.4572995921053544	0.45530632741877464	0.0
0.0	0.004233331857603807	0.9582740411527232	0.004233331857603807	0.0	1.141249399547053	0.9582740411527232	1.141249399547053	0.0
0.0	0.1634271199068307	6.000770356862563	0.1634271199068307	0.0	1.3530809538919024	6.000770356862563	1.3530809538919024	0.0
0.0	-0.03843016707827904	0.5681629122812856	-0.03843016707827904	0.0	0.4411654098901379	0.5681629122812856	0.4411654098901379	0.0
0.0	-0.0006592997177064234	0.6817632172258362	-0.0006592997177064234	0.0	0.4645748143202594	0.6817632172258362	0.4645748143202594	0.0
0.0	0.10413894255130837	0.256425761304577	0.10413894255130837	0.0	0.27242772356238626	0.256425761304577	0.27242772356238626	0.0
0.0	-0.05009293855319583	0.7245262546910501	-0.05009293855319583	0.0	0.6155619336030169	0.7245262546910501	0.6155619336030169	0.0
0.0	0.08320636524248846	0.45623526904644024	0.08320636524248846	0.0	0.18401854888875885	0.45623526904644024	0.18401854888875885	0.0
0.0	0.044702094826816495	1.5768129451665622	0.044702094826816495	0.0	0.5640894013583729	1.5768129451665622	0.5640894013583729	0.0
0.0	0.10738359814484358	0.5579131655290934	0.10738359814484358	0.0	0.1392105727563274	0.5579131655290934	0.1392105727563274	0.0
0.0	0.010152572766537317	1.1515757261918216	0.010152572766537317	0.0	2.0909328563566896	1.1515757261918216	2.0909328563566896	0.0
0.0	-0.03308747070285674	0.4141413616508635	-0.03308747070285674	0.0	0.551289994675387	0.4141413616508635	0.551289994675387	0.0
0.0	-0.01934688199770485	0.7496705768921579	-0.01934688199770485	0.0	0.5341490321933829	0.7496705768921579	0.5341490321933829	0.0
0.0	-0.005229232554519033	2.053754528802536	-0.005229232554519033	0.0	1.3915692484882891	2.053754528802536	1.3915692484882891	0.0
0.0	-0.03001456506201231	0.17651149199827224	-0.03001456506201231	0.0	0.11185787081669579	0.17651149199827224	0.11185787081669579	0.0
0.0	0.05658159277625093	0.7747381022528784	0.05658159277625093	0.0	0.456088758187367	0.7747381022528784	0.456088758187367	0.0
0.0	0.053233252286747655	0.32755427631474543	0.053233252286747655	0.0	0.04906315058986638	0.32755427631474543	0.04906315058986638	0.0
0.0	0.08069073772225462	0.09810096655780856	0.08069073772225462	0.0	0.04925700994961907	0.09810096655780856	0.04925700994961907	0.0
0.0	-0.007136247247271071	0.6917029205317131	-0.007136247247271071	0.0	0.37826361097873984	0.6917029205317131	0.37826361097873984	0.0
0.0	0.049853431917554564	4.957654135174139	0.049853431917554564	0.0	1.396666600762931	4.957654135174139	1.396666600762931	0.0
0.0	-0.035751799629985426	0.3881516416287171	-0.035751799629985426	0.0	0.3161994952314135	0.3881516416287171	0.3161994952314135	0.0
0.0	-0.0068641767432942495	0.21402196308950644	-0.0068641767432942495	0.0	0.15418657748883685	0.21402196308950644	0.15418657748883685	0.0
0.0	-0.01519363746876838	0.7426054809065324	-0.01519363746876838	0.0	0.9621255431054239	0.7426054809065324	0.9621255431054239	0.0
0.0	0.07812963751264697	0.5105795414617084	0.07812963751264697	0.0	0.9078515526382389	0.5105795414617084	0.9078515526382389	0.0
0.0	0.01613256128194117	0.9517939242442244	0.01613256128194117	0.0	0.3649513528224536	0.9517939242442244	0.3649513528224536	0.0
0.0	-0.01978421933304425	0.9029329641599407	-0.01978421933304425	0.0	0.8933989459278258	0.9029329641599407	0.8933989459278258	0.0
0.0	0.0685659276768383	0.7761820030502845	0.0685659276768383	0.0	0.3162913036330466	0.7761820030502845	0.3162913036330466	0.0
0.0	-0.029992340508145154	0.37967827993991327	-0.029992340508145154	0.0	0.2495395999666217	0.37967827993991327	0.2495395999666217	0.0
0.0	0.03664932457001163	0.1174504152784003	0.03664932457001163	0.0	0.2372345709672974	0.1174504152784003	0.2372345709672974	0.0
0.0	-0.01632389371596028	0.8377066376392702	-0.01632389371596028	0.0	0.7057579163085846	0.8377066376392702	0.7057579163085846	0.0
0.0	0.1002187632729495	0.6703666371222542	0.1002187632729495	0.0	0.30866807610993585	0.6703666371222542	0.30866807610993585	0.0
0.0	-0.01051492124132867	0.7393325729877606	-0.01051492124132867	0.0	0.531110860621091	0.7393325729877606	0.531110860621091	0.0
0.0	0.1691678747549943	0.15917231245276384	0.1691678747549943	0.0	0.2862947436310751	0.15917231245276384	0.2862947436310751	0.0
0.0	0.006549335117897702	0.913233577786676	0.006549335117897702	0.0	0.6766020864382054	0.913233577786676	0.6766020864382054	0.0
0.0	-0.012072712922027941	0.5401680435736886	-0.012072712922027941	0.0	0.37085663926911133	0.5401680435736886	0.37085663926911133	0.0
0.0	-0.015673770582955864	0.5125102944948549	-0.015673770582955864	0.0	0.42615777318582193	0.5125102944948549	0.42615777318582193	0.0
0.0	0.04248635168060052	0.9316793484246098	0.04248635168060052	0.0	0.5632209405501872	0.9316793484246098	0.5632209405501872	0.0
0.0	0.03093148288579707	0.7177711844104508	0.03093148288579707	0.0	0.5511772480297918	0.7177711844104508	0.5511772480297918	0.0
0.0	-0.021900722245208424	1.8554390695083856	-0.021900722245208424	0.0	1.211080999698852	1.8554390695083856	1.211080999698852	0.0
0.0	-0.03361586646188642	0.386653238686465	-0.03361586646188642	0.0	0.25970446815992704	0.386653238686465	0.25970446815992704	0.0
0.0	0.039307046416443	0.5573805492680277	0.039307046416443	0.0	0.21399683488657942	0.5573805492680277	0.21399683488657942	0.0
0.0	0.024073651190450972	0.10042624242857295	0.024073651190450972	0.0	-0.006543967280144258	0.10042624242857295	-0.006543967280144258	0.0
0.0	0.009875374712671338	0.062071648635180526	0.009875374712671338	0.0	-0.004135166343504745	0.062071648635180526	-0.004135166343504745	0.0
0.0	0.0035639223102378057	0.8765555438889101	0.0035639223102378057	0.0	0.43888775718066464	0.8765555438889101	0.43888775718066464	0.0
0.0	0.07338097449924824	0.19327973110890878	0.07338097449924824	0.0	-0.03332240078712873	0.19327973110890878	-0.03332240078712873	0.0
0.0	-0.0008518282372362092	0.18463502128295262	-0.0008518282372362092	0.0	0.11894545454546365	0.18463502128295262	0.11894545454546365	0.0
0.0	0.0724159397956822	1.0563745342620892	0.0724159397956822	0.0	2.8368270149729993	1.0563745342620892	2.8368270149729993	0.0
0.0	-0.03112465426379713	0.21058252391972224	-0.03112465426379713	0.0	0.21146968337391725	0.21058252391972224	0.21146968337391725	0.0
0.0	-0.013673704588527487	0.18394259462108964	-0.013673704588527487	0.0	0.08752792693923403	0.18394259462108964	0.08752792693923403	0.0
0.0	-0.008607971681205737	0.562089323931146	-0.008607971681205737	0.0	0.24471368620545847	0.562089323931146	0.24471368620545847	0.0
0.0	0.14798519831037407	0.8355898546779402	0.14798519831037407	0.0	0.3188019409894886	0.8355898546779402	0.3188019409894886	0.0
0.0	-0.0037246987356359305	0.3371909098629928	-0.0037246987356359305	0.0	0.23100725072736195	0.3371909098629928	0.23100725072736195	0.0
0.0	0.02641121411895743	0.2299401740165314	0.02641121411895743	0.0	0.13964906288692427	0.2299401740165314	0.13964906288692427	0.0
0.0	0.06496750528459001	1.9361513016634029	0.06496750528459001	0.0	0.959403101785477	1.9361513016634029	0.959403101785477	0.0
0.0	0.0034174171422751134	0.2931583239596559	0.0034174171422751134	0.0	0.49167523124362006	0.2931583239596559	0.49167523124362006	0.0
0.0	0.01732181989866112	0.23573817402358319	0.01732181989866112	0.0	0.35055890335343864	0.23573817402358319	0.35055890335343864	0.0
0.0	0.08901591611427173	0.518797229756149	0.08901591611427173	0.0	0.05163367743155986	0.518797229756149	0.05163367743155986	0.0
0.0	-0.0381159034801777	1.8345892452524681	-0.0381159034801777	0.0	1.4192039058791552	1.8345892452524681	1.4192039058791552	0.0
0.0	0.0329714176581083	0.21745322420076127	0.0329714176581083	0.0	0.08882034200465116	0.21745322420076127	0.08882034200465116	0.0
0.0	-0.03357919328979721	0.23204633137121128	-0.03357919328979721	0.0	0.1292874075417397	0.23204633137121128	0.1292874075417397	0.0
0.0	-0.04501973549855706	0.5193762743740734	-0.04501973549855706	0.0	0.3371972354681614	0.5193762743740734	0.3371972354681614	0.0
0.0	-0.0355222070992626	0.43070147232981515	-0.0355222070992626	0.0	0.4082471951948476	0.43070147232981515	0.4082471951948476	0.0
0.0	0.017885361108544797	1.9501259082891567	0.017885361108544797	0.0	1.9861613461234509	1.9501259082891567	1.9861613461234509	0.0
0.0	0.03954427020363883	1.5304785937428238	0.03954427020363883	0.0	1.2402569593148238	1.5304785937428238	1.2402569593148238	0.0
0.0	0.06027836012366187	1.487214130577463	0.06027836012366187	0.0	2.0512116825075712	1.487214130577463	2.0512116825075712	0.0
0.0	-0.04070620621655373	0.5274505329574839	-0.04070620621655373	0.0	0.4029581028107562	0.5274505329574839	0.4029581028107562	0.0
0.0	0.23593133000910751	0.2990816872364551	0.23593133000910751	0.0	0.589795361527999	0.2990816872364551	0.589795361527999	0.0
0.0	0.046699731096583	1.071901206923295	0.046699731096583	0.0	0.40875812521379606	1.071901206923295	0.40875812521379606	0.0
0.0	0.04723327916829563	0.31817986579716306	0.04723327916829563	0.0	0.4170377079658574	0.31817986579716306	0.4170377079658574	0.0
0.0	0.02061444916142274	0.08250177845363922	0.02061444916142274	0.0	0.23274520083879294	0.08250177845363922	0.23274520083879294	0.0
0.0	-0.038846225147910585	0.4679152579929313	-0.038846225147910585	0.0	0.5075644848450576	0.4679152579929313	0.5075644848450576	0.0
0.0	-0.004177763331684553	1.4522752661060898	-0.004177763331684553	0.0	1.0177126730278139	1.4522752661060898	1.0177126730278139	0.0
0.0	-0.023144201025862215	0.9433318740407615	-0.023144201025862215	0.0	0.9794200723805447	0.9433318740407615	0.9794200723805447	0.0
0.0	0.20075898804854075	1.0594327002656236	0.20075898804854075	0.0	0.22741070059785104	1.0594327002656236	0.22741070059785104	0.0
0.0	-0.020112825052171344	0.06817902836507435	-0.020112825052171344	0.0	-0.007091087169420025	0.06817902836507435	-0.007091087169420025	0.0
0.0	0.187597800770938	1.1848322767953006	0.187597800770938	0.0	0.15162846891161325	1.1848322767953006	0.15162846891161325	0.0
0.0	0.0027330417079100768	2.1414297982672363	0.0027330417079100768	0.0	1.223240547337904	2.1414297982672363	1.223240547337904	0.0
0.0	0.05516296259069635	0.3620011084786409	0.05516296259069635	0.0	0.2810269034640421	0.3620011084786409	0.2810269034640421	0.0
0.0	0.23180696623505065	1.1142134766309413	0.23180696623505065	0.0	4.979822087220741	1.1142134766309413	4.979822087220741	0.0
0.0	0.006966608348194577	2.0489696105779616	0.006966608348194577	0.0	1.327756604870495	2.0489696105779616	1.327756604870495	0.0
0.0	0.016255429431484704	0.8053841459446422	0.016255429431484704	0.0	0.6684657368102049	0.8053841459446422	0.6684657368102049	0.0
0.0	0.04730230134764877	0.4297008039796095	0.04730230134764877	0.0	0.9283997212866387	0.4297008039796095	0.9283997212866387	0.0
0.0	0.05582610786950715	0.4042277958950374	0.05582610786950715	0.0	0.20313637920752697	0.4042277958950374	0.20313637920752697	0.0
0.0	0.13507585184355292	2.423098816028962	0.13507585184355292	0.0	9.208422337503885	2.423098816028962	9.208422337503885	0.0
0.0	0.023020662188055728	3.182113787598079	0.023020662188055728	0.0	3.6568002997377804	3.182113787598079	3.6568002997377804	0.0
0.0	-0.008330002835323844	0.8682043874906492	-0.008330002835323844	0.0	0.6520268996291846	0.8682043874906492	0.6520268996291846	0.0
0.0	-0.022761851149109894	0.15514032100480377	-0.022761851149109894	0.0	0.23716832721544884	0.15514032100480377	0.23716832721544884	0.0
0.0	-0.018622754714790826	1.3347564630064899	-0.018622754714790826	0.0	1.8802643762572429	1.3347564630064899	1.8802643762572429	0.0
0.0	0.45117843363480925	1.1817220328977571	0.45117843363480925	0.0	14.421519599935392	1.1817220328977571	14.421519599935392	0.0
0.0	-0.03469419396940222	0.7336524855905344	-0.03469419396940222	0.0	0.7297967779298705	0.7336524855905344	0.7297967779298705	0.0
0.0	0.014231388411491179	1.296617634235692	0.014231388411491179	0.0	0.9520416552480216	1.296617634235692	0.9520416552480216	0.0
0.0	-0.01759018632651328	0.7235822137925567	-0.01759018632651328	0.0	0.6613800991230834	0.7235822137925567	0.6613800991230834	0.0
0.0	0.3958176399984842	4.139173932364701	0.3958176399984842	0.0	0.481296300075589	4.139173932364701	0.481296300075589	0.0
0.0	0.21088455845943965	0.3149313012545692	0.21088455845943965	0.0	0.1831152287203385	0.3149313012545692	0.1831152287203385	0.0
0.0	0.03097721928123144	0.7632953677701446	0.03097721928123144	0.0	0.7042194969861288	0.7632953677701446	0.7042194969861288	0.0
0.0	-0.008955142113555649	0.40815096562480296	-0.008955142113555649	0.0	0.34130610445900805	0.40815096562480296	0.34130610445900805	0.0
0.0	-0.003525814062698476	0.5524595701677742	-0.003525814062698476	0.0	0.4067608755887962	0.5524595701677742	0.4067608755887962	0.0
0.0	0.09593389586627558	0.7178540336198116	0.09593389586627558	0.0	1.8125956144824444	0.7178540336198116	1.8125956144824444	0.0
0.0	0.0036901226184283885	0.7388541671764364	0.0036901226184283885	0.0	0.5166338118110895	0.7388541671764364	0.5166338118110895	0.0
0.0	0.05456057686492758	0.03419224667481863	0.05456057686492758	0.0	0.041902570663664845	0.03419224667481863	0.041902570663664845	0.0
0.0	0.030103758266932974	0.14483293197443162	0.030103758266932974	0.0	0.33786291153869297	0.14483293197443162	0.33786291153869297	0.0
0.0	0.11328409650151271	0.07749523455081953	0.11328409650151271	0.0	0.13338562854591174	0.07749523455081953	0.13338562854591174	0.0
0.0	-0.04368177422080126	0.7374054132234936	-0.04368177422080126	0.0	0.5464163822525403	0.7374054132234936	0.5464163822525403	0.0
0.0	-0.028071095412429026	0.582820259746423	-0.028071095412429026	0.0	0.3631466358539657	0.582820259746423	0.3631466358539657	0.0
0.0	0.008301341215520678	0.5646711857564938	0.008301341215520678	0.0	0.4772680348515363	0.5646711857564938	0.4772680348515363	0.0
0.0	-0.032212226774760475	1.5038368362258918	-0.032212226774760475	0.0	0.9327774728126492	1.5038368362258918	0.9327774728126492	0.0
0.0	0.0005404753166444984	0.5299401414165205	0.0005404753166444984	0.0	0.2772596843615506	0.5299401414165205	0.2772596843615506	0.0
0.0	0.036919518597010884	0.8030361297754084	0.036919518597010884	0.0	1.0361566660236081	0.8030361297754084	1.0361566660236081	0.0
0.0	-0.006704570605143942	1.0570761855877973	-0.006704570605143942	0.0	1.2159529041085366	1.0570761855877973	1.2159529041085366	0.0
0.0	0.058493091106165566	0.7321955370036273	0.058493091106165566	0.0	0.34790144310208976	0.7321955370036273	0.34790144310208976	0.0
0.0	-0.01851682717701108	0.3196688205929371	-0.01851682717701108	0.0	0.15701460470112164	0.3196688205929371	0.15701460470112164	0.0
0.0	0.03416566236909296	0.9789172859699512	0.03416566236909296	0.0	1.4770601628146558	0.9789172859699512	1.4770601628146558	0.0
0.0	0.07676429130988696	0.4421884189194879	0.07676429130988696	0.0	0.18619230603171394	0.4421884189194879	0.18619230603171394	0.0
0.0	0.1364523605198978	0.7254489097164158	0.1364523605198978	0.0	0.32073610477886083	0.7254489097164158	0.32073610477886083	0.0
0.0	-0.010369845012893151	0.8895062230410151	-0.010369845012893151	0.0	0.7541161721688617	0.8895062230410151	0.7541161721688617	0.0
0.0	-0.0043659724345249794	0.9504215951459345	-0.0043659724345249794	0.0	1.0411733251852322	0.9504215951459345	1.0411733251852322	0.0
0.0	0.006783510406828705	0.794730709601663	0.006783510406828705	0.0	0.5002208539687083	0.794730709601663	0.5002208539687083	0.0
0.0	0.18339020899955202	0.6127855843234	0.18339020899955202	0.0	0.17549619957589244	0.6127855843234	0.17549619957589244	0.0
0.0	0.030942249013745527	0.6208426336979815	0.030942249013745527	0.0	0.5410602216584713	0.6208426336979815	0.5410602216584713	0.0
0.0	0.8545185342712888	0.46583354307334746	0.8545185342712888	0.0	5.96647970528682	0.46583354307334746	5.96647970528682	0.0
0.0	0.03245684921921115	1.6963582353068065	0.03245684921921115	0.0	0.880670026682445	1.6963582353068065	0.880670026682445	0.0
0.0	-0.010244796038130142	0.33743642700400406	-0.010244796038130142	0.0	0.20622307324080705	0.33743642700400406	0.20622307324080705	0.0
0.0	-7.587576135774515e-07	0.21778024834404444	-7.587576135774515e-07	0.0	0.005483823601365938	0.21778024834404444	0.005483823601365938	0.0
0.0	-0.010662173724188964	0.1695936463852581	-0.010662173724188964	0.0	0.06413194535493029	0.1695936463852581	0.06413194535493029	0.0
0.0	0.018178595881423173	0.20578309478815088	0.018178595881423173	0.0	0.05767741935485074	0.20578309478815088	0.05767741935485074	0.0
0.0	0.04532345778685408	0.10480398826732464	0.04532345778685408	0.0	0.3394891549640029	0.10480398826732464	0.3394891549640029	0.0
0.0	-0.02702912606916771	0.4160389980087451	-0.02702912606916771	0.0	0.371663575518095	0.4160389980087451	0.371663575518095	0.0
0.0	0.033029924306216665	0.340186372739764	0.033029924306216665	0.0	0.29468302036092553	0.340186372739764	0.29468302036092553	0.0
0.0	-0.004186652744865298	0.26312538571815236	-0.004186652744865298	0.0	0.14478571857906078	0.26312538571815236	0.14478571857906078	0.0
0.0	0.1352353450340691	0.01684790783322471	0.1352353450340691	0.0	0.23730813319535315	0.01684790783322471	0.23730813319535315	0.0
0.0	0.006071453980486239	0.3020827083632035	0.006071453980486239	0.0	0.14078400393683724	0.3020827083632035	0.14078400393683724	0.0
0.0	-0.0038653329878645584	0.7886179116704598	-0.0038653329878645584	0.0	1.130860142107398	0.7886179116704598	1.130860142107398	0.0
0.0	0.04716100300361876	0.45827277065305716	0.04716100300361876	0.0	0.2606694824434554	0.45827277065305716	0.2606694824434554	0.0
0.0	0.004840946029999618	0.22309326791312808	0.004840946029999618	0.0	0.03927769939488026	0.22309326791312808	0.03927769939488026	0.0
0.0	-0.04170940669103729	0.5516342601905379	-0.04170940669103729	0.0	0.594180030090542	0.5516342601905379	0.594180030090542	0.0
0.0	0.021059549268998664	0.7866798183439098	0.021059549268998664	0.0	1.2535347226164881	0.7866798183439098	1.2535347226164881	0.0
0.0	-0.029961525360112456	0.5168598263182027	-0.029961525360112456	0.0	0.3916344294003675	0.5168598263182027	0.3916344294003675	0.0
0.0	0.0030556910313990484	0.7782451159003282	0.0030556910313990484	0.0	0.29867182807185366	0.7782451159003282	0.29867182807185366	0.0
0.0	0.06248154796981248	0.31701795830370083	0.06248154796981248	0.0	0.5178497437573929	0.31701795830370083	0.5178497437573929	0.0
0.0	0.04151078878951117	0.6049633586344335	0.04151078878951117	0.0	0.31722290735300634	0.6049633586344335	0.31722290735300634	0.0
0.0	0.02726755150693686	0.7159702523500825	0.02726755150693686	0.0	0.27747801973381425	0.7159702523500825	0.27747801973381425	0.0
0.0	0.11045141259335381	1.1581891847247396	0.11045141259335381	0.0	2.465204355373072	1.1581891847247396	2.465204355373072	0.0
0.0	0.0562963930740557	0.13734128629571593	0.0562963930740557	0.0	-0.0016236091877010778	0.13734128629571593	-0.0016236091877010778	0.0
0.0	0.09512932601598309	0.46642405052679875	0.09512932601598309	0.0	0.526276210258155	0.46642405052679875	0.526276210258155	0.0
0.0	0.004308137693223075	0.5516866948860668	0.004308137693223075	0.0	0.761595903563001	0.5516866948860668	0.761595903563001	0.0
0.0	-0.018004066439386485	0.7811806683323056	-0.018004066439386485	0.0	0.9332127787823581	0.7811806683323056	0.9332127787823581	0.0
0.0	-0.02760346788121017	1.274023322618253	-0.02760346788121017	0.0	1.157597749042676	1.274023322618253	1.157597749042676	0.0
0.0	-0.01637705027743698	1.0087877149076072	-0.01637705027743698	0.0	0.555437125748459	1.0087877149076072	0.555437125748459	0.0
0.0	0.016813124788035004	0.5931203941886806	0.016813124788035004	0.0	0.36024712282335664	0.5931203941886806	0.36024712282335664	0.0
0.0	-0.0018612098426971037	1.0349927159337848	-0.0018612098426971037	0.0	1.1379804281181742	1.0349927159337848	1.1379804281181742	0.0
0.0	-0.027482276148473886	0.7228635217992591	-0.027482276148473886	0.0	0.43518657080590245	0.7228635217992591	0.43518657080590245	0.0
0.0	0.06268826648746181	1.1420093763411971	0.06268826648746181	0.0	2.866123738908216	1.1420093763411971	2.866123738908216	0.0
0.0	-0.029429836671986658	1.251962809749821	-0.029429836671986658	0.0	0.8262706439636298	1.251962809749821	0.8262706439636298	0.0
0.0	0.04124012721591823	1.3373516050571426	0.04124012721591823	0.0	0.727526410205252	1.3373516050571426	0.727526410205252	0.0
0.0	0.022325835725275002	0.7775022631141593	0.022325835725275002	0.0	1.3246940696580374	0.7775022631141593	1.3246940696580374	0.0
0.0	-0.005521740468353666	0.4152845291749017	-0.005521740468353666	0.0	0.45796308954205234	0.4152845291749017	0.45796308954205234	0.0
0.0	0.12508992521702322	0.4376305152387635	0.12508992521702322	0.0	1.2512583501630563	0.4376305152387635	1.2512583501630563	0.0
0.0	-0.007892783579722892	0.3207670906886507	-0.007892783579722892	0.0	0.2922219093212709	0.3207670906886507	0.2922219093212709	0.0
0.0	-0.02942244738820121	0.38046072175659706	-0.02942244738820121	0.0	0.3646930964419248	0.38046072175659706	0.3646930964419248	0.0
0.0	-0.012264992514425217	0.22518400833268537	-0.012264992514425217	0.0	0.09401978700614129	0.22518400833268537	0.09401978700614129	0.0
0.0	0.014065548885929166	0.7945237415778783	0.014065548885929166	0.0	1.3682355761546345	0.7945237415778783	1.3682355761546345	0.0
0.0	0.06196377757788917	3.5591214086222687	0.06196377757788917	0.0	4.113040098464702	3.5591214086222687	4.113040098464702	0.0
0.0	-0.03263808540279297	0.3504215588187457	-0.03263808540279297	0.0	0.3159173078705898	0.3504215588187457	0.3159173078705898	0.0
0.0	-0.0012427482096412739	0.12204425939389654	-0.0012427482096412739	0.0	0.006305632138656272	0.12204425939389654	0.006305632138656272	0.0
0.0	0.07610852888629155	0.8531583405507116	0.07610852888629155	0.0	0.36240887480184764	0.8531583405507116	0.36240887480184764	0.0
0.0	-0.017884089684785772	1.298379956819591	-0.017884089684785772	0.0	1.0003023888721336	1.298379956819591	1.0003023888721336	0.0
0.0	0.21913073643635128	0.61809762290009	0.21913073643635128	0.0	0.495060363239774	0.61809762290009	0.495060363239774	0.0
0.0	-0.011011627762500168	0.8573889082351425	-0.011011627762500168	0.0	0.5642561496786458	0.8573889082351425	0.5642561496786458	0.0
0.0	-0.041361585673365626	0.3766544667147139	-0.041361585673365626	0.0	0.27912716328063014	0.3766544667147139	0.27912716328063014	0.0
0.0	-0.002624192912186815	0.4595541122828202	-0.002624192912186815	0.0	0.14238056680163838	0.4595541122828202	0.14238056680163838	0.0
0.0	-0.0385888081349257	0.1382257493739654	-0.0385888081349257	0.0	0.11708355970875343	0.1382257493739654	0.11708355970875343	0.0
0.0	0.04549228000652233	0.5352527276352977	0.04549228000652233	0.0	0.19268849961922502	0.5352527276352977	0.19268849961922502	0.0
0.0	0.020776235275814053	0.484321305050105	0.020776235275814053	0.0	0.5332943925233266	0.484321305050105	0.5332943925233266	0.0
0.0	-0.0011548859043275894	0.35438944340394907	-0.0011548859043275894	0.0	0.19664333206411544	0.35438944340394907	0.19664333206411544	0.0
0.0	0.06402300225367388	3.0926655072941496	0.06402300225367388	0.0	1.1230873304770472	3.0926655072941496	1.1230873304770472	0.0
0.0	-0.0348844340031197	0.7849756206166528	-0.0348844340031197	0.0	0.7687469079086995	0.7849756206166528	0.7687469079086995	0.0
0.0	-0.01661085858914019	0.2701123125844581	-0.01661085858914019	0.0	0.27002345603856814	0.2701123125844581	0.27002345603856814	0.0
0.0	0.021309863824457227	0.643614949469045	0.021309863824457227	0.0	0.9555291319857079	0.643614949469045	0.9555291319857079	0.0
0.0	-0.037055967103322845	0.1203721680674554	-0.037055967103322845	0.0	0.04067395390938709	0.1203721680674554	0.04067395390938709	0.0
0.0	0.07430054334608012	0.47514381326932015	0.07430054334608012	0.0	0.8841565927467732	0.47514381326932015	0.8841565927467732	0.0
0.0	0.02673362870863186	0.2739548577036533	0.02673362870863186	0.0	0.34787488878234923	0.2739548577036533	0.34787488878234923	0.0
0.0	0.018000005149183675	0.12766370356967943	0.018000005149183675	0.0	0.03701939630439844	0.12766370356967943	0.03701939630439844	0.0
0.0	0.046632545523599606	0.1611317395376586	0.046632545523599606	0.0	0.3149888641425655	0.1611317395376586	0.3149888641425655	0.0
0.0	-0.022312718864643956	1.165516101493934	-0.022312718864643956	0.0	1.0812694227327808	1.165516101493934	1.0812694227327808	0.0
0.0	-0.02986627968448705	1.650192974197059	-0.02986627968448705	0.0	1.511992394404415	1.650192974197059	1.511992394404415	0.0
0.0	-0.010885821655576647	0.9518462570283767	-0.010885821655576647	0.0	0.4244102426238323	0.9518462570283767	0.4244102426238323	0.0
0.0	-0.020580415550147495	0.6215049640388807	-0.020580415550147495	0.0	0.43873495016993425	0.6215049640388807	0.43873495016993425	0.0
0.0	-0.005419830391502442	0.6927481419007828	-0.005419830391502442	0.0	0.7154971119576937	0.6927481419007828	0.7154971119576937	0.0
0.0	0.11683532796500294	0.020452425999944835	0.11683532796500294	0.0	0.027000202977341427	0.020452425999944835	0.027000202977341427	0.0
0.0	0.047005640232596645	0.3353328310107783	0.047005640232596645	0.0	-0.0029759532350118667	0.3353328310107783	-0.0029759532350118667	0.0
0.0	-0.03077758042161742	0.9913539970927012	-0.03077758042161742	0.0	0.7392704836220242	0.9913539970927012	0.7392704836220242	0.0
0.0	0.01395703028072277	0.06492504991390116	0.01395703028072277	0.0	0.0694568121104349	0.06492504991390116	0.0694568121104349	0.0
0.0	0.035299705111994824	0.638025374884739	0.035299705111994824	0.0	0.5970250014303214	0.638025374884739	0.5970250014303214	0.0
0.0	-0.047779831921522346	0.25595329693825963	-0.047779831921522346	0.0	0.15027059609763546	0.25595329693825963	0.15027059609763546	0.0
0.0	-0.043888026776994354	0.39660064005707496	-0.043888026776994354	0.0	0.2531230703461936	0.39660064005707496	0.2531230703461936	0.0
0.0	0.033881323696284237	0.2666671495845887	0.033881323696284237	0.0	0.23101082876745	0.2666671495845887	0.23101082876745	0.0
0.0	-0.003939945846972327	0.4864715464956959	-0.003939945846972327	0.0	0.39207350773767286	0.4864715464956959	0.39207350773767286	0.0
0.0	0.11645818458728718	0.45009925252109206	0.11645818458728718	0.0	1.2835445757250195	0.45009925252109206	1.2835445757250195	0.0
0.0	-0.02318190826293422	0.0626635772079677	-0.02318190826293422	0.0	0.07191600321785663	0.0626635772079677	0.07191600321785663	0.0
0.0	-0.00966590004726258	0.41567788663334515	-0.00966590004726258	0.0	0.5036474389010855	0.41567788663334515	0.5036474389010855	0.0
0.0	0.06200162653896825	1.2573253123150014	0.06200162653896825	0.0	0.6489014084506471	1.2573253123150014	0.6489014084506471	0.0
0.0	-0.017287683493324796	0.2114673130211505	-0.017287683493324796	0.0	0.17554231227655168	0.2114673130211505	0.17554231227655168	0.0
0.0	0.014260039354695565	0.8222706299679471	0.014260039354695565	0.0	0.9191014669926897	0.8222706299679471	0.9191014669926897	0.0
0.0	0.035279995810884056	0.1788950045944672	0.035279995810884056	0.0	0.3073239849513849	0.1788950045944672	0.3073239849513849	0.0
0.0	-0.0035788420841452603	1.1715792948427295	-0.0035788420841452603	0.0	1.4521566025215769	1.1715792948427295	1.4521566025215769	0.0
0.0	0.16585193226623673	0.26764071401655126	0.16585193226623673	0.0	0.7810412926391853	0.26764071401655126	0.7810412926391853	0.0
0.0	0.040907871441715565	0.25354579119505566	0.040907871441715565	0.0	0.5964691834885274	0.25354579119505566	0.5964691834885274	0.0
0.0	0.07949194870366831	0.6346816385060561	0.07949194870366831	0.0	1.0516094765980042	0.6346816385060561	1.0516094765980042	0.0
0.0	-0.01778835136464525	1.9609617770490522	-0.01778835136464525	0.0	2.548611792406492	1.9609617770490522	2.548611792406492	0.0
0.0	0.12308604991939234	0.4734252729561955	0.12308604991939234	0.0	1.0813871217074897	0.4734252729561955	1.0813871217074897	0.0
0.0	0.03733793717750641	0.5136326983252822	0.03733793717750641	0.0	0.9499348392702363	0.5136326983252822	0.9499348392702363	0.0
0.0	0.03930896037618998	0.7309972668358583	0.03930896037618998	0.0	0.48806213443285706	0.7309972668358583	0.48806213443285706	0.0
0.0	-0.02075348793803738	1.1312346932012227	-0.02075348793803738	0.0	0.9511736895348917	1.1312346932012227	0.9511736895348917	0.0
0.0	-0.018041361211131732	0.34251160647911433	-0.018041361211131732	0.0	0.2314356099548081	0.34251160647911433	0.2314356099548081	0.0
0.0	0.004952105601720493	0.9517491282430944	0.004952105601720493	0.0	0.7270752124736689	0.9517491282430944	0.7270752124736689	0.0
0.0	0.0081673796469841	0.42062862538299933	0.0081673796469841	0.0	0.3651196074422377	0.42062862538299933	0.3651196074422377	0.0
0.0	0.006871044039330852	1.153478796895856	0.006871044039330852	0.0	0.5680665957313644	1.153478796895856	0.5680665957313644	0.0
0.0	-0.02126967919120081	0.8233088471455761	-0.02126967919120081	0.0	1.0471127099324178	0.8233088471455761	1.0471127099324178	0.0
0.0	0.037060139281751114	0.9838914284018967	0.037060139281751114	0.0	0.3687324820927398	0.9838914284018967	0.3687324820927398	0.0
0.0	0.025009588018977694	0.11017967692886617	0.025009588018977694	0.0	0.12549089889031154	0.11017967692886617	0.12549089889031154	0.0
0.0	0.07158177558568166	0.8159085208757416	0.07158177558568166	0.0	1.7061400876294859	0.8159085208757416	1.7061400876294859	0.0
0.0	0.047349520516190326	0.33669479488995196	0.047349520516190326	0.0	0.3090863523711845	0.33669479488995196	0.3090863523711845	0.0
0.0	-0.016410892592251026	0.147488989388391	-0.016410892592251026	0.0	0.0766640780277418	0.147488989388391	0.0766640780277418	0.0
0.0	0.08064660943825262	1.4147680791294999	0.08064660943825262	0.0	0.5430467126868299	1.4147680791294999	0.5430467126868299	0.0
0.0	0.06436574294335115	0.3907392980784409	0.06436574294335115	0.0	0.8432554135486051	0.3907392980784409	0.8432554135486051	0.0
0.0	0.031507881940531855	0.2596524271299413	0.031507881940531855	0.0	0.4751902332971496	0.2596524271299413	0.4751902332971496	0.0
0.0	0.04972599086364313	0.19017141034029955	0.04972599086364313	0.0	-0.021001168637681714	0.19017141034029955	-0.021001168637681714	0.0
0.0	0.06377857142855074	1.1045212464588334	0.06377857142855074	0.0	0.8867484961229856	1.1045212464588334	0.8867484961229856	0.0
0.0	-0.023615649420180785	0.33456485179222817	-0.023615649420180785	0.0	0.129749256268612	0.33456485179222817	0.129749256268612	0.0
0.0	-0.032160068792468154	0.4477321364256568	-0.032160068792468154	0.0	0.4986432960110515	0.4477321364256568	0.4986432960110515	0.0
0.0	0.056614876972106515	0.5497993402823186	0.056614876972106515	0.0	0.22115099568213056	0.5497993402823186	0.22115099568213056	0.0
0.0	0.08520368682247888	0.46334958926487435	0.08520368682247888	0.0	0.4907396622015319	0.46334958926487435	0.4907396622015319	0.0
0.0	-0.006353332379125009	0.3085617599773929	-0.006353332379125009	0.0	0.18815956635890357	0.3085617599773929	0.18815956635890357	0.0
0.0	0.1547196160134795	0.07886362442476164	0.1547196160134795	0.0	0.09492903607334077	0.07886362442476164	0.09492903607334077	0.0
0.0	-0.02856550228189384	0.9485793977422109	-0.02856550228189384	0.0	0.6425899469165081	0.9485793977422109	0.6425899469165081	0.0
0.0	-0.010193629525355161	0.26341059980374776	-0.010193629525355161	0.0	0.24924620556180044	0.26341059980374776	0.24924620556180044	0.0
0.0	0.11482849247779038	0.6022981043267	0.11482849247779038	0.0	0.13283234230733346	0.6022981043267	0.13283234230733346	0.0
0.0	-0.0038743332437821253	0.19295981197551854	-0.0038743332437821253	0.0	0.3438058794726344	0.19295981197551854	0.3438058794726344	0.0
0.0	0.05021166187028529	0.8585750686075297	0.05021166187028529	0.0	0.4078196286472198	0.8585750686075297	0.4078196286472198	0.0
0.0	0.08710864939713132	0.2146925141182206	0.08710864939713132	0.0	0.3113995043693686	0.2146925141182206	0.3113995043693686	0.0
0.0	0.11405094614773222	3.298106985483542	0.11405094614773222	0.0	0.8492938339647631	3.298106985483542	0.8492938339647631	0.0
0.0	0.07595665126042847	0.2947179627173166	0.07595665126042847	0.0	0.267372107186375	0.2947179627173166	0.267372107186375	0.0
0.0	0.02937505065656985	0.6191985727290622	0.02937505065656985	0.0	0.3954431647471639	0.6191985727290622	0.3954431647471639	0.0
0.0	0.11663349934467028	0.16020626864356385	0.11663349934467028	0.0	0.37197553842066305	0.16020626864356385	0.37197553842066305	0.0
0.0	0.06309219622389252	1.181357007692551	0.06309219622389252	0.0	0.7548156171995815	1.181357007692551	0.7548156171995815	0.0
0.0	0.6354838136901507	0.14290737054625455	0.6354838136901507	0.0	0.8086068608094776	0.14290737054625455	0.8086068608094776	0.0
0.0	-0.02575746814189534	1.0734007952544447	-0.02575746814189534	0.0	1.2851224897487075	1.0734007952544447	1.2851224897487075	0.0
0.0	0.10601966149343278	0.35028202601863734	0.10601966149343278	0.0	0.0591558026461286	0.35028202601863734	0.0591558026461286	0.0
0.0	0.010706639796974577	0.0011003728347865967	0.010706639796974577	0.0	-0.03565929365761156	0.0011003728347865967	-0.03565929365761156	0.0
0.0	0.08884440522965457	0.48659052629693006	0.08884440522965457	0.0	0.5130022600452373	0.48659052629693006	0.5130022600452373	0.0
0.0	0.29635564409653775	0.39937842000443424	0.29635564409653775	0.0	2.1698573183407186	0.39937842000443424	2.1698573183407186	0.0
0.0	0.1776942027040664	0.3449697684901024	0.1776942027040664	0.0	0.7148820634651608	0.3449697684901024	0.7148820634651608	0.0
0.0	0.2943841275780245	0.49278113504418253	0.2943841275780245	0.0	0.25499630158423275	0.49278113504418253	0.25499630158423275	0.0
0.0	0.11387315078528479	0.5468869258628538	0.11387315078528479	0.0	1.3380502269287342	0.5468869258628538	1.3380502269287342	0.0
0.0	0.1502325786873822	0.7304941607389551	0.1502325786873822	0.0	1.6860378622884855	0.7304941607389551	1.6860378622884855	0.0
0.0	-0.020013525585388138	0.1777867343674317	-0.020013525585388138	0.0	0.09019282895383304	0.1777867343674317	0.09019282895383304	0.0
0.0	0.07212211738129266	0.7230313490120928	0.07212211738129266	0.0	0.7916372837764554	0.7230313490120928	0.7916372837764554	0.0
0.0	0.09006957450984342	0.11182760857047012	0.09006957450984342	0.0	0.17469468177262826	0.11182760857047012	0.17469468177262826	0.0
0.0	-0.0020477664072748006	0.11091182974750825	-0.0020477664072748006	0.0	0.13995732141038242	0.11091182974750825	0.13995732141038242	0.0
0.0	-0.030659030582997755	0.9781462099072741	-0.030659030582997755	0.0	0.6504545265867355	0.9781462099072741	0.6504545265867355	0.0
0.0	0.08590708117138869	0.19647418792195376	0.08590708117138869	0.0	0.5813275930048803	0.19647418792195376	0.5813275930048803	0.0
0.0	-0.0011986753071244645	0.14865828435296327	-0.0011986753071244645	0.0	0.27621606932574727	0.14865828435296327	0.27621606932574727	0.0
0.0	0.0019014353544696883	0.4840189125295244	0.0019014353544696883	0.0	0.4594810515534542	0.4840189125295244	0.4594810515534542	0.0
0.0	-0.01650963834516635	1.4950531562418736	-0.01650963834516635	0.0	1.5305623471883323	1.4950531562418736	1.5305623471883323	0.0
0.0	-0.029453259705341888	0.05389060745425974	-0.029453259705341888	0.0	0.04137000544635008	0.05389060745425974	0.04137000544635008	0.0
0.0	-0.03777203000830142	0.8560774147577251	-0.03777203000830142	0.0	0.825765653148874	0.8560774147577251	0.825765653148874	0.0
0.0	-0.03078094876311344	1.673077216926779	-0.03078094876311344	0.0	1.4532112811770819	1.673077216926779	1.4532112811770819	0.0
0.0	-0.010557158908153914	0.22684580596179107	-0.010557158908153914	0.0	0.20904827693564668	0.22684580596179107	0.20904827693564668	0.0
0.0	-0.042699726224200096	0.555221396626225	-0.042699726224200096	0.0	0.5463403420040848	0.555221396626225	0.5463403420040848	0.0
0.0	0.07538257821039906	0.08991325985345018	0.07538257821039906	0.0	-0.06554788359167256	0.08991325985345018	-0.06554788359167256	0.0
0.0	-0.010437333156891531	0.33703721995326974	-0.010437333156891531	0.0	0.3240125812107154	0.33703721995326974	0.3240125812107154	0.0
0.0	0.07665912149964141	0.37983380567365627	0.07665912149964141	0.0	0.017562857108633853	0.37983380567365627	0.017562857108633853	0.0
0.0	0.021593287135002692	1.2661332340579547	0.021593287135002692	0.0	0.42083347404666877	1.2661332340579547	0.42083347404666877	0.0
0.0	-0.014380983630830336	0.1515162393982281	-0.014380983630830336	0.0	0.06425529209841958	0.1515162393982281	0.06425529209841958	0.0
0.0	0.028071123865571725	1.5774980504568976	0.028071123865571725	0.0	0.7966346251549753	1.5774980504568976	0.7966346251549753	0.0
0.0	-0.03298090686335423	0.6397945365397847	-0.03298090686335423	0.0	0.5692750840134972	0.6397945365397847	0.5692750840134972	0.0
0.0	-0.006585692436282356	0.6876883680963497	-0.006585692436282356	0.0	0.934047213433935	0.6876883680963497	0.934047213433935	0.0
0.0	-0.02207812611414221	1.093119374517152	-0.02207812611414221	0.0	1.1926931106471816	1.093119374517152	1.1926931106471816	0.0
0.0	0.008443694939276235	1.3731054352909924	0.008443694939276235	0.0	0.9699149141114346	1.3731054352909924	0.9699149141114346	0.0
0.0	-0.00229445050450342	2.5259929306879183	-0.00229445050450342	0.0	2.8229340950827924	2.5259929306879183	2.8229340950827924	0.0
0.0	-0.005553890551077642	0.41817150167390765	-0.005553890551077642	0.0	0.21394484808454156	0.41817150167390765	0.21394484808454156	0.0
0.0	-0.029835582154871667	0.8156931405999401	-0.029835582154871667	0.0	0.490120064737057	0.8156931405999401	0.490120064737057	0.0
0.0	-0.020868653966357984	0.11522983264212798	-0.020868653966357984	0.0	0.12820264378158258	0.11522983264212798	0.12820264378158258	0.0
0.0	0.06411576680741396	0.5209522312637932	0.06411576680741396	0.0	1.2366835009808446	0.5209522312637932	1.2366835009808446	0.0
0.0	0.13033456307253566	1.3878295069165074	0.13033456307253566	0.0	2.05525297405771	1.3878295069165074	2.05525297405771	0.0
0.0	-0.041836708889527736	0.3547293308682157	-0.041836708889527736	0.0	0.35607825398617704	0.3547293308682157	0.35607825398617704	0.0
0.0	0.005546708103840444	0.5411640655271307	0.005546708103840444	0.0	0.8030508474576379	0.5411640655271307	0.8030508474576379	0.0
0.0	-0.040158910578156515	1.438362576586499	-0.040158910578156515	0.0	1.5877494718094183	1.438362576586499	1.5877494718094183	0.0
0.0	0.06348219996009907	1.5161154580636902	0.06348219996009907	0.0	0.8046856511792491	1.5161154580636902	0.8046856511792491	0.0
0.0	0.035832732852398054	0.5182583936409502	0.035832732852398054	0.0	0.6814068559711486	0.5182583936409502	0.6814068559711486	0.0
0.0	-0.042280125082102306	0.7958385920982144	-0.042280125082102306	0.0	0.8085145216853068	0.7958385920982144	0.8085145216853068	0.0
0.0	-0.012060932007920428	0.864997197412289	-0.012060932007920428	0.0	0.48237327926581264	0.864997197412289	0.48237327926581264	0.0
0.0	-0.00026711518486260835	0.2347053313798405	-0.00026711518486260835	0.0	0.1820845902850588	0.2347053313798405	0.1820845902850588	0.0
0.0	0.12906225050537162	0.4641227262703889	0.12906225050537162	0.0	0.7619345261348691	0.4641227262703889	0.7619345261348691	0.0
0.0	-0.024349202652263535	1.677860756728257	-0.024349202652263535	0.0	2.1072745108163127	1.677860756728257	2.1072745108163127	0.0
0.0	0.03430641019427054	0.541779804552422	0.03430641019427054	0.0	0.27272927902447525	0.541779804552422	0.27272927902447525	0.0
0.0	-0.018744380300337517	1.2896984254869273	-0.018744380300337517	0.0	0.7739746888620229	1.2896984254869273	0.7739746888620229	0.0
0.0	-0.01668808179761714	0.15904672832186562	-0.01668808179761714	0.0	0.1404901133349397	0.15904672832186562	0.1404901133349397	0.0
0.0	-0.0005144086516542213	0.2607335606515881	-0.0005144086516542213	0.0	0.14917087238647478	0.2607335606515881	0.14917087238647478	0.0
0.0	-0.01534742726146455	0.5458368615772694	-0.01534742726146455	0.0	0.5667398463227409	0.5458368615772694	0.5667398463227409	0.0
0.0	0.014561254789436423	0.13185148268127447	0.014561254789436423	0.0	0.13297717338515944	0.13185148268127447	0.13297717338515944	0.0
0.0	0.09270069169154355	0.11889534162469097	0.09270069169154355	0.0	0.333096486287444	0.11889534162469097	0.333096486287444	0.0
0.0	-0.011455398067525567	0.2212220969426018	-0.011455398067525567	0.0	0.2624001594128332	0.2212220969426018	0.2624001594128332	0.0
0.0	0.013285039993158611	0.31961815431135626	0.013285039993158611	0.0	0.24145967372467675	0.31961815431135626	0.24145967372467675	0.0
0.0	0.012487951438892298	0.24851689373065092	0.012487951438892298	0.0	0.23435730858470571	0.24851689373065092	0.23435730858470571	0.0
0.0	-0.000583107658988477	0.7497172960721654	-0.000583107658988477	0.0	0.6803308717196893	0.7497172960721654	0.6803308717196893	0.0
0.0	-0.022893737104513	0.20954604533877916	-0.022893737104513	0.0	0.3052981196763558	0.20954604533877916	0.3052981196763558	0.0
0.0	-0.011183230623859213	1.4213409508047246	-0.011183230623859213	0.0	0.851574989962347	1.4213409508047246	0.851574989962347	0.0
0.0	0.01278332814904506	1.0994824674897172	0.01278332814904506	0.0	0.5571123215886368	1.0994824674897172	0.5571123215886368	0.0
0.0	-0.014574003369349487	0.4611070135287071	-0.014574003369349487	0.0	0.30445392126189835	0.4611070135287071	0.30445392126189835	0.0
0.0	0.3941547477908701	0.926343218397063	0.3941547477908701	0.0	0.10206344317831452	0.926343218397063	0.10206344317831452	0.0
0.0	0.11378621816533413	0.4037816039554963	0.11378621816533413	0.0	0.39282414536497673	0.4037816039554963	0.39282414536497673	0.0
0.0	0.011003017979736804	0.923407689023575	0.011003017979736804	0.0	1.3626579316799567	0.923407689023575	1.3626579316799567	0.0
0.0	0.07462194798116907	0.5389462961127911	0.07462194798116907	0.0	0.7631210794710797	0.5389462961127911	0.7631210794710797	0.0
0.0	-0.02017211116715255	0.10647961812218915	-0.02017211116715255	0.0	0.1512915129151277	0.10647961812218915	0.1512915129151277	0.0
0.0	0.2305272952062767	0.8526431531185029	0.2305272952062767	0.0	3.5436450079241117	0.8526431531185029	3.5436450079241117	0.0
0.0	-0.026989205151701678	0.39685761570332867	-0.026989205151701678	0.0	0.27618462294878915	0.39685761570332867	0.27618462294878915	0.0
0.0	0.10872664869458469	0.4979944294093851	0.10872664869458469	0.0	0.28897224306080815	0.4979944294093851	0.28897224306080815	0.0
0.0	0.2842390142743834	0.4970414926682649	0.2842390142743834	0.0	0.1886781516664458	0.4970414926682649	0.1886781516664458	0.0
0.0	-0.014124328255098241	1.875932239119716	-0.014124328255098241	0.0	0.9663017001696713	1.875932239119716	0.9663017001696713	0.0
0.0	0.020371230244462732	0.36195879199736125	0.020371230244462732	0.0	0.36304769143075644	0.36195879199736125	0.36304769143075644	0.0
0.0	0.044843336471183326	0.6369390539947594	0.044843336471183326	0.0	1.346695749572565	0.6369390539947594	1.346695749572565	0.0
0.0	-0.030065470578131633	0.47931467593437294	-0.030065470578131633	0.0	0.32070226773953353	0.47931467593437294	0.32070226773953353	0.0
0.0	0.02999520837072214	0.3396057788815955	0.02999520837072214	0.0	0.08067319326807576	0.3396057788815955	0.08067319326807576	0.0
0.0	-0.019136696788724566	0.5727946908554398	-0.019136696788724566	0.0	0.8365251989388961	0.5727946908554398	0.8365251989388961	0.0
0.0	-0.009686576614614898	0.30312854262330424	-0.009686576614614898	0.0	0.3348541267488942	0.30312854262330424	0.3348541267488942	0.0
0.0	-0.014855501101122782	0.020480673252322643	-0.014855501101122782	0.0	-0.04339299269843017	0.020480673252322643	-0.04339299269843017	0.0
0.0	0.025963005048198207	0.259352826388191	0.025963005048198207	0.0	0.2657171343113495	0.259352826388191	0.2657171343113495	0.0
0.0	0.016287175474616212	0.26067167172162903	0.016287175474616212	0.0	0.2790058549408641	0.26067167172162903	0.2790058549408641	0.0
0.0	-0.001669169355204071	0.7769147264837928	-0.001669169355204071	0.0	1.0171131295756157	0.7769147264837928	1.0171131295756157	0.0
0.0	0.041979031824060146	2.0376852526496734	0.041979031824060146	0.0	2.0347793034637003	2.0376852526496734	2.0347793034637003	0.0
0.0	-0.024483812495622714	1.2811011670500425	-0.024483812495622714	0.0	0.8854415274462742	1.2811011670500425	0.8854415274462742	0.0
0.0	-0.03777109326622821	0.648116603740454	-0.03777109326622821	0.0	0.5454938320106244	0.648116603740454	0.5454938320106244	0.0
0.0	0.05300238718657181	0.4301943072893962	0.05300238718657181	0.0	0.1991652588691049	0.4301943072893962	0.1991652588691049	0.0
0.0	-0.027527047812228967	0.8581015883395264	-0.027527047812228967	0.0	0.7855960878262979	0.8581015883395264	0.7855960878262979	0.0
0.0	-0.029236676853060837	0.7816274237222433	-0.029236676853060837	0.0	0.7427074794569561	0.7816274237222433	0.7427074794569561	0.0
0.0	0.016546228467672442	1.113031215232791	0.016546228467672442	0.0	0.4434458206314267	1.113031215232791	0.4434458206314267	0.0
0.0	-0.03886038250870042	0.45141234374353667	-0.03886038250870042	0.0	0.326425510558574	0.45141234374353667	0.326425510558574	0.0
0.0	0.010010579966761825	0.23612781932795615	0.010010579966761825	0.0	0.18625986030509453	0.23612781932795615	0.18625986030509453	0.0
0.0	0.05043229963857482	0.1651421769750722	0.05043229963857482	0.0	0.36546789505683747	0.1651421769750722	0.36546789505683747	0.0
0.0	0.022865060546473588	0.3014320799725253	0.022865060546473588	0.0	0.22103555832815847	0.3014320799725253	0.22103555832815847	0.0
0.0	-0.015673145875999932	0.17924530402335206	-0.015673145875999932	0.0	0.21836052284932125	0.17924530402335206	0.21836052284932125	0.0
0.0	-0.00029736424288165044	0.4404603946740596	-0.00029736424288165044	0.0	0.5944385206129797	0.4404603946740596	0.5944385206129797	0.0
0.0	0.02176500485779067	0.1944820770512157	0.02176500485779067	0.0	0.018933476972752102	0.1944820770512157	0.018933476972752102	0.0
0.0	0.025580493337080294	0.19278093836370397	0.025580493337080294	0.0	0.39676440049434203	0.19278093836370397	0.39676440049434203	0.0
0.0	-0.028030448105760084	0.49112421750942176	-0.028030448105760084	0.0	0.22581459964639414	0.49112421750942176	0.22581459964639414	0.0
0.0	-0.03744628231478102	0.03797949615406077	-0.03744628231478102	0.0	0.028993789937927363	0.03797949615406077	0.028993789937927363	0.0
0.0	0.0015121719206633336	0.8100988505373294	0.0015121719206633336	0.0	1.24526979677654	0.8100988505373294	1.24526979677654	0.0
0.0	-0.003628682567218689	0.7359856995389796	-0.003628682567218689	0.0	1.12282770948893	0.7359856995389796	1.12282770948893	0.0
0.0	-0.021345483005774653	0.326096487663139	-0.021345483005774653	0.0	0.20898250893357836	0.326096487663139	0.20898250893357836	0.0
0.0	0.010498040050556783	0.3394721897375669	0.010498040050556783	0.0	0.21905429171969765	0.3394721897375669	0.21905429171969765	0.0
0.0	0.10629555630976811	0.6793297850213985	0.10629555630976811	0.0	0.4285553726970374	0.6793297850213985	0.4285553726970374	0.0
0.0	0.014567180300724814	0.274771070684468	0.014567180300724814	0.0	0.24709333652636428	0.274771070684468	0.24709333652636428	0.0
0.0	-0.00900676165652465	0.05367579336986833	-0.00900676165652465	0.0	0.012929043347463458	0.05367579336986833	0.012929043347463458	0.0
0.0	-0.019395581447267177	0.3977020297943011	-0.019395581447267177	0.0	0.41368889318695906	0.3977020297943011	0.41368889318695906	0.0
0.0	0.03790160976440554	0.2797537095317791	0.03790160976440554	0.0	0.2567385486202921	0.2797537095317791	0.2567385486202921	0.0
0.0	0.1305534799279325	2.086420605176276	0.1305534799279325	0.0	4.618181818181934	2.086420605176276	4.618181818181934	0.0
0.0	-0.05165866371236237	0.15330430374423082	-0.05165866371236237	0.0	0.13081303909221778	0.15330430374423082	0.13081303909221778	0.0
0.0	-0.014710747748857623	0.9659951382435155	-0.014710747748857623	0.0	1.105335634903632	0.9659951382435155	1.105335634903632	0.0
0.0	0.2723351174825863	0.5936561908000317	0.2723351174825863	0.0	2.302143925544342	0.5936561908000317	2.302143925544342	0.0
0.0	-0.026357120969048436	0.9382978067776357	-0.026357120969048436	0.0	0.8277324287077403	0.9382978067776357	0.8277324287077403	0.0
0.0	0.0897608650931208	0.964988880924231	0.0897608650931208	0.0	1.3606640591473451	0.964988880924231	1.3606640591473451	0.0
0.0	0.12747789561606349	0.8851049366491731	0.12747789561606349	0.0	1.3161165412360913	0.8851049366491731	1.3161165412360913	0.0
0.0	0.08405186532453099	0.23634021981267433	0.08405186532453099	0.0	0.18437813866523806	0.23634021981267433	0.18437813866523806	0.0
0.0	0.02645434840347421	1.668951016548888	0.02645434840347421	0.0	0.7944513252415389	1.668951016548888	0.7944513252415389	0.0
0.0	-0.01266291223346751	0.38218469149120327	-0.01266291223346751	0.0	0.4297687861273551	0.38218469149120327	0.4297687861273551	0.0
0.0	0.011959896136672359	0.24026439044854841	0.011959896136672359	0.0	0.12601540332389788	0.24026439044854841	0.12601540332389788	0.0
0.0	-0.02588306802406427	0.15698379261425668	-0.02588306802406427	0.0	0.17928086135418378	0.15698379261425668	0.17928086135418378	0.0
0.0	-0.02481020940013315	0.3497226980295794	-0.02481020940013315	0.0	0.29349346305869894	0.3497226980295794	0.29349346305869894	0.0
0.0	0.0856694775260759	0.5092713283045405	0.0856694775260759	0.0	0.8403167420814626	0.5092713283045405	0.8403167420814626	0.0
0.0	-0.013505090099524837	0.8292531004489564	-0.013505090099524837	0.0	0.4384596710565539	0.8292531004489564	0.4384596710565539	0.0
0.0	-0.030839805098946516	0.8219177637074322	-0.030839805098946516	0.0	0.6371893932140287	0.8219177637074322	0.6371893932140287	0.0
0.0	0.10908335617217328	0.6049164940729351	0.10908335617217328	0.0	0.5213877927124794	0.6049164940729351	0.5213877927124794	0.0
0.0	-0.018709140622920898	0.4337259378839506	-0.018709140622920898	0.0	0.46973106430928935	0.4337259378839506	0.46973106430928935	0.0
0.0	0.021525118087110422	0.4149438095950771	0.021525118087110422	0.0	0.2816697599799038	0.4149438095950771	0.2816697599799038	0.0
0.0	-0.005040796512461502	0.08646306644327349	-0.005040796512461502	0.0	0.1498176568338602	0.08646306644327349	0.1498176568338602	0.0
0.0	0.025994356498159323	0.10447764595183338	0.025994356498159323	0.0	0.06679536679539527	0.10447764595183338	0.06679536679539527	0.0
0.0	-0.005337209701678111	0.15600734714287234	-0.005337209701678111	0.0	0.03433107069069519	0.15600734714287234	0.03433107069069519	0.0
0.0	0.04749571249680968	0.38975208353411117	0.04749571249680968	0.0	0.5304386353567061	0.38975208353411117	0.5304386353567061	0.0
0.0	0.08063671685211297	0.1576936249242418	0.08063671685211297	0.0	0.23303772193342157	0.1576936249242418	0.23303772193342157	0.0
0.0	0.05342352435012648	0.2300418484852122	0.05342352435012648	0.0	0.4203423134598624	0.2300418484852122	0.4203423134598624	0.0
0.0	0.18883245341429591	0.19994153360799818	0.18883245341429591	0.0	1.0846879334256243	0.19994153360799818	1.0846879334256243	0.0
0.0	0.006751527760395342	0.0919865189912379	0.006751527760395342	0.0	0.14346138752013582	0.0919865189912379	0.14346138752013582	0.0
0.0	-0.018714775290465807	0.2635252126945015	-0.018714775290465807	0.0	0.15953488372092844	0.2635252126945015	0.15953488372092844	0.0
0.0	0.012620810531316957	0.7178764209331555	0.012620810531316957	0.0	0.37757744317637976	0.7178764209331555	0.37757744317637976	0.0
0.0	0.12183132857379213	0.17063701600625508	0.12183132857379213	0.0	0.2288537683170626	0.17063701600625508	0.2288537683170626	0.0
0.0	0.019722630555895508	0.49615802455222846	0.019722630555895508	0.0	0.1800695094238679	0.49615802455222846	0.1800695094238679	0.0
0.0	0.031208152354903172	0.462250916237042	0.031208152354903172	0.0	0.7554526204340537	0.462250916237042	0.7554526204340537	0.0
0.0	0.027100902955322435	0.2612697854815253	0.027100902955322435	0.0	0.17356435643566084	0.2612697854815253	0.17356435643566084	0.0
0.0	0.04146287185519534	0.4985430148148755	0.04146287185519534	0.0	0.7630160135190205	0.4985430148148755	0.7630160135190205	0.0
0.0	-0.0013409756254796586	0.9687228243529211	-0.0013409756254796586	0.0	1.0628286598473637	0.9687228243529211	1.0628286598473637	0.0
0.0	-0.03818068566694642	0.8487735138581953	-0.03818068566694642	0.0	0.7803387947792476	0.8487735138581953	0.7803387947792476	0.0
0.0	-0.011906772160622067	0.19092564626453673	-0.011906772160622067	0.0	0.19547621687550887	0.19092564626453673	0.19547621687550887	0.0
0.0	-0.01876051686938056	0.14802385630574236	-0.01876051686938056	0.0	0.08816685755621155	0.14802385630574236	0.08816685755621155	0.0
0.0	0.12763615530727407	2.273398257859837	0.12763615530727407	0.0	0.570542556190453	2.273398257859837	0.570542556190453	0.0
0.0	0.11922837515849852	0.36688492781760107	0.11922837515849852	0.0	1.00475036354825	0.36688492781760107	1.00475036354825	0.0
0.0	0.045329806775842744	4.664750289919929	0.045329806775842744	0.0	13.319049639372198	4.664750289919929	13.319049639372198	0.0
0.0	0.009602877521442187	0.012223638229646687	0.009602877521442187	0.0	0.03557670432998859	0.012223638229646687	0.03557670432998859	0.0
0.0	0.05711105572088567	0.3766192110218966	0.05711105572088567	0.0	0.09734519624021751	0.3766192110218966	0.09734519624021751	0.0
0.0	-0.0006913301293889851	0.2638178493080602	-0.0006913301293889851	0.0	0.17733225714061204	0.2638178493080602	0.17733225714061204	0.0
0.0	-0.015642742643057914	0.47257672542146273	-0.015642742643057914	0.0	0.3148250533133029	0.47257672542146273	0.3148250533133029	0.0
0.0	0.04768633104620791	0.32708049851411575	0.04768633104620791	0.0	0.6279154023821297	0.32708049851411575	0.6279154023821297	0.0
0.0	0.07164518778214675	1.3540596511454543	0.07164518778214675	0.0	1.0895039164490543	1.3540596511454543	1.0895039164490543	0.0
0.0	0.05529736077139281	0.7451004156449573	0.05529736077139281	0.0	1.295432417559263	0.7451004156449573	1.295432417559263	0.0
0.0	0.09697525920780535	0.6812323648287639	0.09697525920780535	0.0	0.666849437978185	0.6812323648287639	0.666849437978185	0.0
0.0	0.006704018455864001	1.8368352481345906	0.006704018455864001	0.0	1.6199840552750775	1.8368352481345906	1.6199840552750775	0.0
0.0	-0.02916725306885867	0.14041806159499895	-0.02916725306885867	0.0	0.11775571292984616	0.14041806159499895	0.11775571292984616	0.0
0.0	0.044511243482148466	1.0818558163316057	0.044511243482148466	0.0	1.2146341463414625	1.0818558163316057	1.2146341463414625	0.0
0.0	0.16375727999790987	0.7677957819616076	0.16375727999790987	0.0	0.42933087954445087	0.7677957819616076	0.42933087954445087	0.0
0.0	0.09736562693478897	0.591056325610973	0.09736562693478897	0.0	0.17924578879081118	0.591056325610973	0.17924578879081118	0.0
0.0	-0.02956287021489256	0.6399870310095546	-0.02956287021489256	0.0	0.5243767179436638	0.6399870310095546	0.5243767179436638	0.0
0.0	-0.012319118961376219	0.33797530360987044	-0.012319118961376219	0.0	0.31247855427193855	0.33797530360987044	0.31247855427193855	0.0
0.0	-0.03185959604680327	1.406372604169385	-0.03185959604680327	0.0	1.3240571922080653	1.406372604169385	1.3240571922080653	0.0
0.0	-0.03280291124380971	0.30532118984633744	-0.03280291124380971	0.0	0.1671525180121355	0.30532118984633744	0.1671525180121355	0.0
0.0	-0.005869200897632396	0.6418592354529831	-0.005869200897632396	0.0	0.8482627033541094	0.6418592354529831	0.8482627033541094	0.0
0.0	0.002345908616576628	1.7683605627318186	0.002345908616576628	0.0	1.6257012795275732	1.7683605627318186	1.6257012795275732	0.0
0.0	-0.030784940094650194	0.8729949425185834	-0.030784940094650194	0.0	0.6998246029864961	0.8729949425185834	0.6998246029864961	0.0
0.0	0.02604685489975365	0.2979290507095477	0.02604685489975365	0.0	0.13484302624805633	0.2979290507095477	0.13484302624805633	0.0
0.0	-0.018848699568815564	2.056826967196208	-0.018848699568815564	0.0	1.0467716610362479	2.056826967196208	1.0467716610362479	0.0
0.0	0.06725029627080759	1.0380479973841432	0.06725029627080759	0.0	1.516554054054035	1.0380479973841432	1.516554054054035	0.0
0.0	-0.0018435454814072552	0.3665607311940793	-0.0018435454814072552	0.0	0.4556063654653509	0.3665607311940793	0.4556063654653509	0.0
0.0	-0.03111867110012116	0.8058059638694488	-0.03111867110012116	0.0	0.896846177623024	0.8058059638694488	0.896846177623024	0.0
0.0	0.026003891980480056	0.6510938433950786	0.026003891980480056	0.0	0.27038033597559374	0.6510938433950786	0.27038033597559374	0.0
0.0	0.07556272692621997	0.3759818193697373	0.07556272692621997	0.0	0.0508293994561111	0.3759818193697373	0.0508293994561111	0.0
0.0	0.0015223365205105064	0.7995868146123997	0.0015223365205105064	0.0	1.0999112338494987	0.7995868146123997	1.0999112338494987	0.0
0.0	0.17712387476787636	0.6022125046708363	0.17712387476787636	0.0	0.3603500593694207	0.6022125046708363	0.3603500593694207	0.0
0.0	0.019645795995425465	1.0784180092919753	0.019645795995425465	0.0	1.036293840516483	1.0784180092919753	1.036293840516483	0.0
0.0	-0.02314473575589212	0.9610551053572469	-0.02314473575589212	0.0	1.0242481364064822	0.9610551053572469	1.0242481364064822	0.0
0.0	0.03020774666252693	0.1306295077130095	0.03020774666252693	0.0	-0.007905508127726741	0.1306295077130095	-0.007905508127726741	0.0
0.0	0.04110828512067397	3.7934515748022104	0.04110828512067397	0.0	1.8480597558753984	3.7934515748022104	1.8480597558753984	0.0
0.0	0.1294259367471236	0.3248477676470975	0.1294259367471236	0.0	0.5635390378326611	0.3248477676470975	0.5635390378326611	0.0
0.0	0.025007766999472197	0.7107668618510665	0.025007766999472197	0.0	0.9976316786662248	0.7107668618510665	0.9976316786662248	0.0
0.0	-0.003804194421571443	1.9343197158001533	-0.003804194421571443	0.0	1.2844132837645945	1.9343197158001533	1.2844132837645945	0.0
0.0	0.20698076987303635	2.954386663699261	0.20698076987303635	0.0	0.5756120893245323	2.954386663699261	0.5756120893245323	0.0
0.0	0.10654568626367045	1.2091358888500432	0.10654568626367045	0.0	1.266524027062995	1.2091358888500432	1.266524027062995	0.0
0.0	-0.02290732875378256	1.159241817821341	-0.02290732875378256	0.0	0.839719103636397	1.159241817821341	0.839719103636397	0.0
0.0	-0.016592071759556175	0.28180048895817217	-0.016592071759556175	0.0	0.19529816513761938	0.28180048895817217	0.19529816513761938	0.0
0.0	-0.020149558501098945	0.2844216683064918	-0.020149558501098945	0.0	0.13958711698353501	0.2844216683064918	0.13958711698353501	0.0
0.0	-0.0386506068355652	0.2996767248444147	-0.0386506068355652	0.0	0.22729998572178506	0.2996767248444147	0.22729998572178506	0.0
0.0	0.12065876559555867	0.5373779704180176	0.12065876559555867	0.0	1.1060812990644777	0.5373779704180176	1.1060812990644777	0.0
0.0	0.05817684783225235	0.6342213570352762	0.05817684783225235	0.0	0.7271479549821841	0.6342213570352762	0.7271479549821841	0.0
0.0	-0.011014561251094544	0.09330604669909962	-0.011014561251094544	0.0	0.054273022140737995	0.09330604669909962	0.054273022140737995	0.0
0.0	-0.03244385956461543	0.6896971345309686	-0.03244385956461543	0.0	0.6616749075066274	0.6896971345309686	0.6616749075066274	0.0
