population in sample
0	0	1

generation in sample
0.0	5420.0	5420.0

expected_linearlized_fst_array
0.0	0.45166666666666666	0.5348333333333334	0.45166666666666666	0.0	0.08316666666666667	0.5348333333333334	0.08316666666666667	0.0	

mean_pi_array
0.9554072777777662	0.9572872368421186	0.9541648684210667

median_pi_array
0.9512098989898892	0.9609184210526422	0.9533710526315915

std_pi_array
0.027867284954743676	0.03454482089711481	0.03429463697417578

mean_linearlized_fst_array
0.0	0.46879945022119307	0.5577870710793806	0.46879945022119307	0.0	0.08668515076522995	0.5577870710793806	0.08668515076522995	0.0

median_linearlized_fst_array
0.0	0.4681534466248336	0.557928574382808	0.4681534466248336	0.0	0.08620700722585653	0.557928574382808	0.08620700722585653	0.0

std_linearlized_fst_array
0.0	0.017667327157881496	0.020499900799948456	0.017667327157881496	0.0	0.008347484257303075	0.020499900799948456	0.008347484257303075	0.0

linearlized_fst_array		pi_array
0.0	0.445801601614959	0.5548016708971159	0.445801601614959	0.0	0.0923810788255535	0.5548016708971159	0.0923810788255535	0.0	0.974841212121201	0.98879473684212	0.9536684210526434
0.0	0.46838026992935106	0.5563125658591168	0.46838026992935106	0.0	0.09382345537976755	0.5563125658591168	0.09382345537976755	0.0	0.9920488888888778	0.950005263157906	0.952778947368433
0.0	0.4593464987523957	0.5475045185772133	0.4593464987523957	0.0	0.08561533253473269	0.5475045185772133	0.08561533253473269	0.0	0.9334357575757475	0.96789473684212	0.9522052631579074
0.0	0.4807023284014984	0.558763738184128	0.4807023284014984	0.0	0.08370839366439654	0.558763738184128	0.08370839366439654	0.0	0.9039010101009999	0.9044894736842259	0.8802526315789593
0.0	0.46061219299181677	0.56225858010353	0.46061219299181677	0.0	0.09559041201809554	0.56225858010353	0.09559041201809554	0.0	0.9460597979797855	0.9595315789473792	0.9463631578947513
0.0	0.48949554192250727	0.5490710879181757	0.48949554192250727	0.0	0.08966891342148826	0.5490710879181757	0.08966891342148826	0.0	0.9479496969696865	1.0029631578947527	1.0217894736842237
0.0	0.4481133288780975	0.5370516794901247	0.4481133288780975	0.0	0.09464435195772296	0.5370516794901247	0.09464435195772296	0.0	0.931422828282818	0.8745684210526442	0.9110526315789567
0.0	0.46731897669343037	0.5573555894257742	0.46731897669343037	0.0	0.07828817906391547	0.5573555894257742	0.07828817906391547	0.0	0.9850595959595866	1.0039789473684357	0.9886052631579093
0.0	0.4427707021068191	0.5267356469462955	0.4427707021068191	0.0	0.07493738387926276	0.5267356469462955	0.07493738387926276	0.0	0.9618476767676636	0.9635157894736978	0.9571263157894908
0.0	0.4861298928833221	0.5454495366069447	0.4861298928833221	0.0	0.07923912489160514	0.5454495366069447	0.07923912489160514	0.0	1.0151248484848403	0.9623052631579054	0.9985947368421195
0.0	0.458660119668603	0.5284205671398371	0.458660119668603	0.0	0.07853571831618357	0.5284205671398371	0.07853571831618357	0.0	0.9521814141414024	0.9286789473684344	0.9367947368421199
0.0	0.4648801187324291	0.5278848390406727	0.4648801187324291	0.0	0.08063880067277118	0.5278848390406727	0.08063880067277118	0.0	0.9484294949494826	0.8687157894736955	0.8929736842105395
0.0	0.4541860401618122	0.5257743660194315	0.4541860401618122	0.0	0.07566097172885873	0.5257743660194315	0.07566097172885873	0.0	0.9992325252525102	0.9817368421052766	0.9830736842105429
0.0	0.48919507511158233	0.5805377172697078	0.48919507511158233	0.0	0.10129393496064466	0.5805377172697078	0.10129393496064466	0.0	0.9379440404040306	0.951005263157905	0.9233263157894878
0.0	0.4651875261102302	0.5378716508030513	0.4651875261102302	0.0	0.08669745820466858	0.5378716508030513	0.08669745820466858	0.0	0.9806955555555439	0.9633736842105366	0.9749578947368585
0.0	0.44637085484657396	0.5841998245848705	0.44637085484657396	0.0	0.10375684111805993	0.5841998245848705	0.10375684111805993	0.0	0.9173343434343321	0.9640157894736964	0.9160631578947518
0.0	0.49072597956187497	0.5595741245821414	0.49072597956187497	0.0	0.0964237617835963	0.5595741245821414	0.0964237617835963	0.0	0.9512816161616044	0.9974789473684356	1.0074210526315945
0.0	0.479806764301602	0.5576716062187983	0.479806764301602	0.0	0.08240588025311703	0.5576716062187983	0.08240588025311703	0.0	0.9673303030302906	1.018278947368437	1.0016842105263322
0.0	0.48208095524227873	0.5581855425468177	0.48208095524227873	0.0	0.07466643529227694	0.5581855425468177	0.07466643529227694	0.0	0.9511743434343318	0.956336842105275	0.9544421052631749
0.0	0.4766796243129066	0.5499551850986276	0.4766796243129066	0.0	0.08777253564864224	0.5499551850986276	0.08777253564864224	0.0	1.0046482828282717	0.9924578947368567	0.9988315789473847
0.0	0.42169344357794264	0.5141071399308689	0.42169344357794264	0.0	0.0943283356490221	0.5141071399308689	0.0943283356490221	0.0	1.0249650505050405	0.9039894736842247	0.9066736842105388
0.0	0.4615400863611142	0.5821880752402775	0.4615400863611142	0.0	0.09768965583438222	0.5821880752402775	0.09768965583438222	0.0	0.9393379797979711	0.9725315789473834	0.9465263157894819
0.0	0.45322641237559325	0.5380878581925356	0.45322641237559325	0.0	0.0888693608062791	0.5380878581925356	0.0888693608062791	0.0	0.9362573737373598	0.9521421052631728	0.9554421052631731
0.0	0.48977500376044164	0.5697942814891258	0.48977500376044164	0.0	0.10422981464853957	0.5697942814891258	0.10422981464853957	0.0	0.9475030303030157	0.9430052631579074	0.9506947368421212
0.0	0.4679266233203161	0.56576706789647	0.4679266233203161	0.0	0.07674831655883951	0.56576706789647	0.07674831655883951	0.0	0.9432133333333206	0.9445894736842205	0.9578421052631729
0.0	0.49813993363271125	0.5713995045255149	0.49813993363271125	0.0	0.07818060335107459	0.5713995045255149	0.07818060335107459	0.0	0.9512454545454466	0.9474263157894873	0.9903473684210669
0.0	0.46057357418422523	0.5676813990604395	0.46057357418422523	0.0	0.08686056197243607	0.5676813990604395	0.08686056197243607	0.0	0.955617777777768	0.9554684210526443	0.9401105263158007
0.0	0.4817701880400819	0.571872608970231	0.4817701880400819	0.0	0.0991452441979441	0.571872608970231	0.0991452441979441	0.0	0.9419002020201901	0.9365894736842243	0.9463736842105422
0.0	0.4919578493155891	0.5969195199590352	0.4919578493155891	0.0	0.08101191213117087	0.5969195199590352	0.08101191213117087	0.0	0.927899191919177	0.9584315789473821	0.9971157894737038
0.0	0.5011087296012153	0.6016243066149485	0.5011087296012153	0.0	0.08866716399350151	0.6016243066149485	0.08866716399350151	0.0	0.9649630303030177	0.9829105263158026	0.9643421052631707
0.0	0.4344108747414584	0.5458640351694033	0.4344108747414584	0.0	0.08753592406265838	0.5458640351694033	0.08753592406265838	0.0	0.9850214141414025	0.9787157894736969	0.9442000000000137
0.0	0.45761782975704884	0.5729025266080222	0.45761782975704884	0.0	0.0857165562470445	0.5729025266080222	0.0857165562470445	0.0	0.9409072727272594	0.964205263157908	0.9233315789473819
0.0	0.48011631640668684	0.5889386884747971	0.48011631640668684	0.0	0.0910752272548885	0.5889386884747971	0.0910752272548885	0.0	0.9297428282828155	0.9940789473684336	0.9530736842105397
0.0	0.45386795562937765	0.5392755247557726	0.45386795562937765	0.0	0.09087728067979925	0.5392755247557726	0.09087728067979925	0.0	0.9826707070706954	1.0022894736842247	0.9982105263158045
0.0	0.4800892806631657	0.5784617539425472	0.4800892806631657	0.0	0.08028903525975033	0.5784617539425472	0.08028903525975033	0.0	0.9520731313131182	0.962378947368434	0.9561631578947486
0.0	0.4686272905566207	0.5434999243254328	0.4686272905566207	0.0	0.08030728332948885	0.5434999243254328	0.08030728332948885	0.0	0.9520339393939252	0.9337842105263318	0.9074789473684346
0.0	0.4771956630945975	0.5636599643556851	0.4771956630945975	0.0	0.08556405040923404	0.5636599643556851	0.08556405040923404	0.0	0.9710963636363508	0.9562894736842226	0.9740157894736975
0.0	0.48006337320320247	0.5846260499159154	0.48006337320320247	0.0	0.08473995780655458	0.5846260499159154	0.08473995780655458	0.0	0.9354743434343331	0.9925052631579082	0.9883473684210681
0.0	0.47501574195005764	0.5700257988970243	0.47501574195005764	0.0	0.07898177443463808	0.5700257988970243	0.07898177443463808	0.0	0.8930072727272623	0.8846157894736985	0.9003263157894872
0.0	0.4608174464521865	0.5394067775387995	0.4608174464521865	0.0	0.07083900836659314	0.5394067775387995	0.07083900836659314	0.0	0.939418181818172	0.9254157894736953	0.9139736842105421
