population in sample
0	0	1

generation in sample
0.0	5420.0	5420.0

expected_linearlized_fst_array
0.0	0.45166666666666666	0.5348333333333334	0.45166666666666666	0.0	0.08316666666666667	0.5348333333333334	0.08316666666666667	0.0	

mean_pi_array
0.7812962845849704	0.7783352402746112	0.775578260869577

median_pi_array
0.7786028282828148	0.7790315789473848	0.7749184210526434

std_pi_array
0.06572491611087494	0.07091619621714218	0.06902676328083908

mean_linearlized_fst_array
0.0	0.5769032617005292	0.6840866298300988	0.5769032617005292	0.0	0.1028167033866484	0.6840866298300988	0.1028167033866484	0.0

median_linearlized_fst_array
0.0	0.5726934944304907	0.6805640562883719	0.5726934944304907	0.0	0.09911370965683314	0.6805640562883719	0.09911370965683314	0.0

std_linearlized_fst_array
0.0	0.06895128390221555	0.0816328643514743	0.06895128390221555	0.0	0.03016155358039228	0.0816328643514743	0.03016155358039228	0.0

linearlized_fst_array		pi_array
0.0	0.5125700966357806	0.6069281107139836	0.5125700966357806	0.0	0.11157477703890933	0.6069281107139836	0.11157477703890933	0.0	0.838652121212111	0.7720315789473756	0.7357842105263322
0.0	0.5791188518895255	0.6813481953602611	0.5791188518895255	0.0	0.11626006130227154	0.6813481953602611	0.11626006130227154	0.0	0.8009535353535269	0.8462473684210674	0.8433947368421157
0.0	0.6258015650513729	0.7430467303581884	0.6258015650513729	0.0	0.10782563423596238	0.7430467303581884	0.10782563423596238	0.0	0.7738498989898897	0.7956368421052726	0.7308578947368616
0.0	0.6406775465428971	0.7738181083470065	0.6406775465428971	0.0	0.10661610847975318	0.7738181083470065	0.10661610847975318	0.0	0.7359224242424106	0.6687789473684336	0.6769000000000086
0.0	0.5452490916807432	0.6620529473471874	0.5452490916807432	0.0	0.09093819832536389	0.6620529473471874	0.09093819832536389	0.0	0.7601561616161588	0.6879210526315889	0.6616421052631668
0.0	0.48514587609020554	0.5606645345951168	0.48514587609020554	0.0	0.05276900099566204	0.5606645345951168	0.05276900099566204	0.0	0.857824040404033	0.8194105263158034	0.7663789473684343
0.0	0.46528980416759097	0.5647831658465892	0.46528980416759097	0.0	0.0860064510695933	0.5647831658465892	0.0860064510695933	0.0	0.8049828282828189	0.6892157894736948	0.7483263157894869
0.0	0.6289263690545679	0.7583909851376411	0.6289263690545679	0.0	0.1428642365133982	0.7583909851376411	0.1428642365133982	0.0	0.7146383838383713	0.6185526315789578	0.6215684210526377
0.0	0.5177498881649972	0.660779602726482	0.5177498881649972	0.0	0.1302031615797366	0.660779602726482	0.1302031615797366	0.0	0.8150248484848401	0.7083526315789631	0.7439526315789599
0.0	0.660115389848148	0.6986564526693855	0.660115389848148	0.0	0.04577939222111465	0.6986564526693855	0.04577939222111465	0.0	0.6737795959595819	0.7545789473684323	0.7305526315789628
0.0	0.7002655356475781	0.8125350760476027	0.7002655356475781	0.0	0.08765678928556495	0.8125350760476027	0.08765678928556495	0.0	0.7627315151515005	0.8451526315789579	0.8764842105263285
0.0	0.5630950540105529	0.7603555992251584	0.5630950540105529	0.0	0.10572840631027748	0.7603555992251584	0.10572840631027748	0.0	0.7787195959595805	0.7598842105263204	0.7651105263157949
0.0	0.6156664411625846	0.667293445247014	0.6156664411625846	0.0	0.08426683271920023	0.667293445247014	0.08426683271920023	0.0	0.6994737373737304	0.5683263157894833	0.5558157894736945
0.0	0.6240256270148409	0.6985003274844683	0.6240256270148409	0.0	0.09287762855343748	0.6985003274844683	0.09287762855343748	0.0	0.7103717171717073	0.7401842105263283	0.7407684210526425
0.0	0.5304739735872818	0.6743461631109676	0.5304739735872818	0.0	0.12356852397949386	0.6743461631109676	0.12356852397949386	0.0	0.8900476767676715	0.8467842105263264	0.848742105263165
0.0	0.5832261360910704	0.6297117036750038	0.5832261360910704	0.0	0.10603439568016723	0.6297117036750038	0.10603439568016723	0.0	0.833379393939383	0.9052263157894901	0.9184421052631695
0.0	0.5757413637099252	0.6699037882364672	0.5757413637099252	0.0	0.14387416736959763	0.6699037882364672	0.14387416736959763	0.0	0.7271581818181727	0.7041947368421153	0.743342105263165
0.0	0.6173798943434637	0.7578614919196701	0.6173798943434637	0.0	0.11544481969043886	0.7578614919196701	0.11544481969043886	0.0	0.7412228282828165	0.6845263157894792	0.6900105263157982
0.0	0.6070933985309303	0.6023054076284151	0.6070933985309303	0.0	0.09099539974919156	0.6023054076284151	0.09099539974919156	0.0	0.761368686868677	0.7030315789473788	0.6779000000000089
0.0	0.48755527591182407	0.5491467431128414	0.48755527591182407	0.0	0.060539004413500866	0.5491467431128414	0.060539004413500866	0.0	0.8947278787878701	0.8782684210526427	0.8496736842105339
0.0	0.5028909946452881	0.6283765578500068	0.5028909946452881	0.0	0.10805958658403687	0.6283765578500068	0.10805958658403687	0.0	0.8358426262626181	0.8135105263157948	0.7725052631579055
0.0	0.5774705518721571	0.7234931351002943	0.5774705518721571	0.0	0.10963903816539784	0.7234931351002943	0.10963903816539784	0.0	0.7959054545454451	0.8827578947368523	0.8468315789473808
0.0	0.650068808868761	0.6573924048732708	0.650068808868761	0.0	0.1281111928605653	0.6573924048732708	0.1281111928605653	0.0	0.7820078787878659	0.6789421052631698	0.7016842105263345
0.0	0.4860259714503396	0.5833269337074798	0.4860259714503396	0.0	0.07604365931896136	0.5833269337074798	0.07604365931896136	0.0	0.8889581818181699	0.7381210526315981	0.6925736842105338
0.0	0.4710664346861216	0.6050088200730389	0.4710664346861216	0.0	0.087150941160859	0.6050088200730389	0.087150941160859	0.0	0.8633573737373669	0.7394526315789568	0.7710000000000181
0.0	0.5997706070601433	0.6983028498845872	0.5997706070601433	0.0	0.15304329870704722	0.6983028498845872	0.15304329870704722	0.0	0.8608450505050428	0.8079842105263263	0.8488052631579068
0.0	0.5910322322784317	0.7495971324831197	0.5910322322784317	0.0	0.11030332406917061	0.7495971324831197	0.11030332406917061	0.0	0.7581983838383757	0.8395052631579102	0.832668421052647
0.0	0.6148559721760353	0.7592143748309362	0.6148559721760353	0.0	0.13004631954905752	0.7592143748309362	0.13004631954905752	0.0	0.7264056565656445	0.9235210526315917	0.8683789473684325
0.0	0.5179485117605459	0.6138909470538817	0.5179485117605459	0.0	0.16000461558961587	0.6138909470538817	0.16000461558961587	0.0	0.8766880808080697	0.7942368421052723	0.8249894736842175
0.0	0.6416029204770846	0.6852785284577978	0.6416029204770846	0.0	0.11788097228023643	0.6852785284577978	0.11788097228023643	0.0	0.7419282828282694	0.7273210526315901	0.7840473684210639
0.0	0.45140744224248636	0.4957865488106646	0.45140744224248636	0.0	0.04723866579386623	0.4957865488106646	0.04723866579386623	0.0	0.8621107070706959	0.7167526315789602	0.7627000000000085
0.0	0.5844897004713494	0.6636463724891145	0.5844897004713494	0.0	0.10641058224588013	0.6636463724891145	0.10641058224588013	0.0	0.7476490909090776	0.6584263157894846	0.6669315789473818
0.0	0.6366206237602288	0.8446645728245185	0.6366206237602288	0.0	0.11972382457524966	0.8446645728245185	0.11972382457524966	0.0	0.7148442424242281	0.6634947368421176	0.6686105263158095
0.0	0.6741532369417041	0.8072599831486856	0.6741532369417041	0.0	0.08374370556345696	0.8072599831486856	0.08374370556345696	0.0	0.727481010101004	0.9669684210526395	0.8903526315789574
0.0	0.583364329001271	0.6875397196287443	0.583364329001271	0.0	0.11838631883359323	0.6875397196287443	0.11838631883359323	0.0	0.7700434343434294	0.7536842105263342	0.8242052631579049
0.0	0.5347935500187871	0.586132722234232	0.5347935500187871	0.0	0.053370329702909634	0.586132722234232	0.053370329702909634	0.0	0.8731303030302929	0.9171052631579107	0.8564210526315927
0.0	0.585059753431557	0.6183052977851098	0.585059753431557	0.0	0.0584562564460792	0.6183052977851098	0.0584562564460792	0.0	0.7715850505050382	0.7757421052631661	0.7449631578947469
0.0	0.5129619735843592	0.6139943022113177	0.5129619735843592	0.0	0.0759106173216961	0.6139943022113177	0.0759106173216961	0.0	0.7674985858585739	0.7385842105263237	0.7754263157894887
0.0	0.5442372521033414	0.6360401227371393	0.5442372521033414	0.0	0.09365521173315201	0.6360401227371393	0.09365521173315201	0.0	0.7990775757575629	0.8006947368421177	0.8425105263157945
0.0	0.644423817453011	0.7761359813713938	0.644423817453011	0.0	0.10256173502902867	0.7761359813713938	0.10256173502902867	0.0	0.6896454545454465	0.8786789473684252	0.8598631578947479
0.0	0.5991477529459804	0.6046723465962067	0.5991477529459804	0.0	0.09420590010560148	0.6046723465962067	0.09420590010560148	0.0	0.7790602020201871	0.6849421052631656	0.7102157894737018
0.0	0.6271742514576325	0.6899320059687143	0.6271742514576325	0.0	0.11587404574358667	0.6899320059687143	0.11587404574358667	0.0	0.6780232323232236	0.6850157894736885	0.7021210526315864
0.0	0.6857529673167788	0.8237696466401574	0.6857529673167788	0.0	0.12359105736761593	0.8237696466401574	0.12359105736761593	0.0	0.6591199999999884	0.8208631578947457	0.7425526315789595
0.0	0.5629226121102834	0.7020753623664351	0.5629226121102834	0.0	0.07300635731288027	0.7020753623664351	0.07300635731288027	0.0	0.7789799999999821	0.8250789473684381	0.7578473684210644
0.0	0.4275631757125807	0.44273975085222145	0.4275631757125807	0.0	0.0624786723477595	0.44273975085222145	0.0624786723477595	0.0	0.94586484848484	0.797515789473695	0.883647368421063
0.0	0.719118284585215	0.7012452016905826	0.719118284585215	0.0	0.12994206520501925	0.7012452016905826	0.12994206520501925	0.0	0.7417193939393852	0.7905684210526374	0.8310368421052752
0.0	0.5918790072378953	0.7112648446200501	0.5918790072378953	0.0	0.12198925148353598	0.7112648446200501	0.12198925148353598	0.0	0.7578880808080726	0.764894736842122	0.7951736842105421
0.0	0.5365965445033135	0.7097514086071949	0.5365965445033135	0.0	0.15342145966543272	0.7097514086071949	0.15342145966543272	0.0	0.8501971717171574	0.8143842105263297	0.8359578947368529
0.0	0.5003881035734921	0.6320604908884946	0.5003881035734921	0.0	0.15621739601550969	0.6320604908884946	0.15621739601550969	0.0	0.8984420202020148	0.8431473684210696	0.8568789473684326
0.0	0.5620542669803952	0.7232022645039873	0.5620542669803952	0.0	0.09864224579882717	0.7232022645039873	0.09864224579882717	0.0	0.7369090909090825	0.7078000000000106	0.7551421052631752
0.0	0.5484194259199813	0.5952915606466386	0.5484194259199813	0.0	0.07135611799771541	0.5952915606466386	0.07135611799771541	0.0	0.7323224242424129	0.7095052631579077	0.6924842105263279
0.0	0.5333328553632273	0.5754512249446613	0.5333328553632273	0.0	0.11007904061048039	0.5754512249446613	0.11007904061048039	0.0	0.8638513131313034	0.9261631578947527	0.9083368421052812
0.0	0.8058196475986823	0.8080641996106245	0.8058196475986823	0.0	0.12677168599713456	0.8080641996106245	0.12677168599713456	0.0	0.5619507070706967	0.60254210526317	0.6744157894736946
0.0	0.5096200387985	0.5982418101612218	0.5096200387985	0.0	0.06449018452863066	0.5982418101612218	0.06449018452863066	0.0	0.8338173737373612	0.7382894736842174	0.682400000000017
0.0	0.650743255342048	0.7557432794747176	0.650743255342048	0.0	0.09532633178830992	0.7557432794747176	0.09532633178830992	0.0	0.6904199999999892	0.7850947368421176	0.7524105263157971
0.0	0.46830388417107893	0.5205794076364516	0.46830388417107893	0.0	0.08363948338466402	0.5205794076364516	0.08363948338466402	0.0	0.8717509090908934	0.7375263157894855	0.7930842105263204
0.0	0.5679618941992978	0.6785342133789485	0.5679618941992978	0.0	0.09902921934017733	0.6785342133789485	0.09902921934017733	0.0	0.8504963636363543	0.8175263157894793	0.7737052631579087
0.0	0.49601035330398285	0.5993352163983938	0.49601035330398285	0.0	0.05931600200354574	0.5993352163983938	0.05931600200354574	0.0	0.7868424242424145	0.864973684210538	0.8372473684210718
0.0	0.5635585844011689	0.5802512470300172	0.5635585844011689	0.0	0.10228477905071928	0.5802512470300172	0.10228477905071928	0.0	0.7711759595959521	0.7758105263157975	0.7516894736842219
0.0	0.5174389190061348	0.5960632236042847	0.5174389190061348	0.0	0.11510825166450796	0.5960632236042847	0.11510825166450796	0.0	0.9157705050505011	0.8987631578947517	0.8600526315789647
0.0	0.5948007130655796	0.7943354514968142	0.5948007130655796	0.0	0.10659749054864333	0.7943354514968142	0.10659749054864333	0.0	0.7494145454545338	0.8342052631579144	0.8071684210526404
0.0	0.5237110054809513	0.5923025956652698	0.5237110054809513	0.0	0.08003492065492612	0.5923025956652698	0.08003492065492612	0.0	0.8508258585858604	0.8351578947368583	0.8317789473684417
0.0	0.5542660659133116	0.6467522205587175	0.5542660659133116	0.0	0.11156957190299452	0.6467522205587175	0.11156957190299452	0.0	0.8404204040403916	0.7920105263157977	0.7071578947368574
0.0	0.607933854563768	0.749365495868899	0.607933854563768	0.0	0.10795439363923003	0.749365495868899	0.10795439363923003	0.0	0.7086357575757481	0.6794263157894833	0.6994210526315856
0.0	0.5259050847787197	0.6700669517148983	0.5259050847787197	0.0	0.09350892548897788	0.6700669517148983	0.09350892548897788	0.0	0.7977739393939272	0.7875736842105377	0.721705263157901
0.0	0.6450706335399689	0.7154115882887042	0.6450706335399689	0.0	0.10294285093210366	0.7154115882887042	0.10294285093210366	0.0	0.7223349494949415	0.746442105263171	0.778931578947376
0.0	0.698320747470195	0.8011048701716452	0.698320747470195	0.0	0.07447647812903917	0.8011048701716452	0.07447647812903917	0.0	0.7080905050504994	0.6967736842105349	0.6868210526315867
0.0	0.6454181352964954	0.8324145037138839	0.6454181352964954	0.0	0.10711591378875572	0.8324145037138839	0.10711591378875572	0.0	0.7110965656565615	0.814705263157917	0.7843052631578992
0.0	0.5192124711923615	0.5906658618405002	0.5192124711923615	0.0	0.15861051051165537	0.5906658618405002	0.15861051051165537	0.0	0.8910993939393805	0.6797368421052716	0.6663842105263267
0.0	0.5849614059621424	0.6419869368185862	0.5849614059621424	0.0	0.08917613101582895	0.6419869368185862	0.08917613101582895	0.0	0.7839688888888772	0.7789789473684379	0.8147210526315932
0.0	0.5834968697699437	0.7089366141645352	0.5834968697699437	0.0	0.05786896410812587	0.7089366141645352	0.05786896410812587	0.0	0.7633185858585723	0.7790842105263318	0.766494736842115
0.0	0.5285861256348355	0.667980782963582	0.5285861256348355	0.0	0.08602936450016146	0.667980782963582	0.08602936450016146	0.0	0.7707951515151389	0.7157157894736934	0.6762263157894958
0.0	0.6487615110012781	0.841681091585976	0.6487615110012781	0.0	0.10631778869546707	0.841681091585976	0.10631778869546707	0.0	0.7434276767676653	0.7442368421052704	0.5970052631579077
0.0	0.5767841450399488	0.6941848616599375	0.5767841450399488	0.0	0.12915908807771348	0.6941848616599375	0.12915908807771348	0.0	0.7345317171717074	0.8022315789473773	0.8876631578947458
0.0	0.6293177939640848	0.7744713876532181	0.6293177939640848	0.0	0.09772692158523452	0.7744713876532181	0.09772692158523452	0.0	0.7043854545454423	0.8237473684210657	0.8454473684210668
0.0	0.5856782978437739	0.7242162758750701	0.5856782978437739	0.0	0.10211578142172714	0.7242162758750701	0.10211578142172714	0.0	0.7451224242424151	0.8128947368421172	0.8246736842105331
0.0	0.5518500825734411	0.6612631549850511	0.5518500825734411	0.0	0.0681995167952309	0.6612631549850511	0.0681995167952309	0.0	0.7931975757575617	0.8220473684210632	0.8662421052631769
0.0	0.6013490377471247	0.8365005529534089	0.6013490377471247	0.0	0.1096117366049874	0.8365005529534089	0.1096117366049874	0.0	0.7967591919191872	1.0165631578947434	0.9533421052631675
0.0	0.6610159704331917	0.7675873106915599	0.6610159704331917	0.0	0.08555030365446083	0.7675873106915599	0.08555030365446083	0.0	0.746230707070699	0.9131368421052789	0.9163315789473807
0.0	0.7792928570732732	0.8884472763562886	0.7792928570732732	0.0	0.12273701858746049	0.8884472763562886	0.12273701858746049	0.0	0.6123525252525178	0.8241473684210631	0.8082473684210619
0.0	0.6866907076469182	0.6298513263134166	0.6866907076469182	0.0	0.1064430936035096	0.6298513263134166	0.1064430936035096	0.0	0.7584505050504897	0.6999105263158021	0.8126842105263282
0.0	0.5511431647013183	0.6523098120616061	0.5511431647013183	0.0	0.0968715668897737	0.6523098120616061	0.0968715668897737	0.0	0.6990141414141329	0.6797315789473756	0.7575105263157996
0.0	0.518803261952065	0.5787716548923093	0.518803261952065	0.0	0.07528376978941571	0.5787716548923093	0.07528376978941571	0.0	0.8294347474747382	0.7705947368421189	0.7845947368421188
0.0	0.632213927920534	0.7226163881667483	0.632213927920534	0.0	0.08564306261209903	0.7226163881667483	0.08564306261209903	0.0	0.7145836363636241	0.7954684210526419	0.8091473684210739
0.0	0.5430775843978921	0.6725733249806642	0.5430775843978921	0.0	0.0742145793294623	0.6725733249806642	0.0742145793294623	0.0	0.7587535353535277	0.8178684210526455	0.7595631578947517
0.0	0.6736422313546944	0.7583920877807208	0.6736422313546944	0.0	0.09290983297276299	0.7583920877807208	0.09290983297276299	0.0	0.6810234343434238	0.8437421052631685	0.8301105263157997
0.0	0.4977316590260473	0.6991184698754216	0.4977316590260473	0.0	0.1316728261400192	0.6991184698754216	0.1316728261400192	0.0	0.8808402020201966	0.839678947368427	0.7767157894736929
0.0	0.5677790806494758	0.6876185768673928	0.5677790806494758	0.0	0.13389500257346307	0.6876185768673928	0.13389500257346307	0.0	0.7841638383838363	0.8611789473684334	0.8567578947368518
0.0	0.4955879482352556	0.5453450595672149	0.4955879482352556	0.0	0.09680276085161	0.5453450595672149	0.09680276085161	0.0	0.7931777777777679	0.6574263157894905	0.6571947368421212
0.0	0.5305952285300014	0.6275714530212158	0.5305952285300014	0.0	0.07759069732155154	0.6275714530212158	0.07759069732155154	0.0	0.8286743434343294	0.8333000000000165	0.8318684210526461
0.0	0.4582315184972193	0.5547921624302412	0.4582315184972193	0.0	0.08982356682109377	0.5547921624302412	0.08982356682109377	0.0	0.8653098989898833	0.7111421052631657	0.7371473684210672
0.0	0.4130078645739403	0.47862065444914303	0.4130078645739403	0.0	0.05824500735959071	0.47862065444914303	0.05824500735959071	0.0	0.9291389898989773	0.821805263157903	0.8158684210526405
0.0	0.6658961161735708	0.7095800016947629	0.6658961161735708	0.0	0.0941973717776415	0.7095800016947629	0.0941973717776415	0.0	0.7348945454545412	0.771110526315803	0.8381421052631786
0.0	0.5491798036943232	0.6105313094645356	0.5491798036943232	0.0	0.06841258695579905	0.6105313094645356	0.06841258695579905	0.0	0.7357496969696863	0.6813421052631691	0.6078789473684316
0.0	0.5270490627976443	0.6598774750473768	0.5270490627976443	0.0	0.06694269217949239	0.6598774750473768	0.06694269217949239	0.0	0.8441945454545399	0.8462842105263313	0.9066684210526387
0.0	0.6467327103821041	0.7593302020113583	0.6467327103821041	0.0	0.060074559187394204	0.7593302020113583	0.060074559187394204	0.0	0.7209662626262525	0.8066210526316019	0.8183684210526502
0.0	0.573400789977188	0.5678757882702559	0.573400789977188	0.0	0.04168020044785914	0.5678757882702559	0.04168020044785914	0.0	0.782985050505039	0.8619105263157977	0.9172631578947478
0.0	0.5756340605036122	0.7246330425927467	0.5756340605036122	0.0	0.049813036146339695	0.7246330425927467	0.049813036146339695	0.0	0.7975375757575685	0.8669263157894848	0.8558947368421055
0.0	0.48354462471065573	0.5896315900235912	0.48354462471065573	0.0	0.057138536376320076	0.5896315900235912	0.057138536376320076	0.0	0.9221707070706949	0.828942105263174	0.841605263157903
0.0	0.6319931893708384	0.7134323851509636	0.6319931893708384	0.0	0.11167028053088356	0.7134323851509636	0.11167028053088356	0.0	0.7304927272727166	0.7168368421052752	0.6861421052631682
0.0	0.5920309945544298	0.6590975402960974	0.5920309945544298	0.0	0.0874312286358178	0.6590975402960974	0.0874312286358178	0.0	0.7884181818181738	0.6550210526315864	0.6737526315789597
0.0	0.45464144243104787	0.5267589030481766	0.45464144243104787	0.0	0.11014442389469241	0.5267589030481766	0.11014442389469241	0.0	0.9999789898989817	0.9371210526315918	0.8500157894737019
0.0	0.5177949630119717	0.6299450955081753	0.5177949630119717	0.0	0.11012199758310537	0.6299450955081753	0.11012199758310537	0.0	0.8075278787878729	0.7654052631579108	0.7851000000000082
0.0	0.4863138472360271	0.5827048625715971	0.4863138472360271	0.0	0.14272193135088404	0.5827048625715971	0.14272193135088404	0.0	0.8355761616161533	0.6609368421052696	0.688105263157903
0.0	0.5602231633110064	0.723612927249871	0.5602231633110064	0.0	0.0863029334550568	0.723612927249871	0.0863029334550568	0.0	0.7809464646464556	0.8814631578947513	0.824626315789489
0.0	0.5697099814286373	0.7087318812032966	0.5697099814286373	0.0	0.17783471824506553	0.7087318812032966	0.17783471824506553	0.0	0.73399777777777	0.6698526315789568	0.6406368421052759
0.0	0.5547726437012703	0.5877804607748898	0.5547726437012703	0.0	0.12507500971104443	0.5877804607748898	0.12507500971104443	0.0	0.8252995959595923	0.7324368421052766	0.8392894736842278
0.0	0.5609323172641985	0.5996590324236345	0.5609323172641985	0.0	0.06563791265975731	0.5996590324236345	0.06563791265975731	0.0	0.8400797979797879	0.8410052631579057	0.8479736842105313
0.0	0.5223407192489313	0.6257662630795098	0.5223407192489313	0.0	0.09871020152681222	0.6257662630795098	0.09871020152681222	0.0	0.7890745454545381	0.767152631578962	0.8136736842105421
0.0	0.6393261517383962	0.6971020243464304	0.6393261517383962	0.0	0.09134618445764871	0.6971020243464304	0.09134618445764871	0.0	0.6985850505050426	0.6667210526315898	0.6558473684210626
0.0	0.5251576234271377	0.6335343668718151	0.5251576234271377	0.0	0.07853075205861906	0.6335343668718151	0.07853075205861906	0.0	0.7779383838383714	0.8541421052631685	0.8575105263158014
0.0	0.6581011744768198	0.6923228368686436	0.6581011744768198	0.0	0.12153355162888548	0.6923228368686436	0.12153355162888548	0.0	0.7281052525252413	0.6469736842105384	0.7482052631579047
0.0	0.5615931912459722	0.729657552468408	0.5615931912459722	0.0	0.06398290950657629	0.729657552468408	0.06398290950657629	0.0	0.7453963636363503	0.6950684210526411	0.7092210526315831
0.0	0.4903386984143164	0.5677000779261352	0.4903386984143164	0.0	0.1117280590922054	0.5677000779261352	0.1117280590922054	0.0	0.866438989898978	0.7922631578947449	0.8323157894736946
0.0	0.544578272997386	0.7403106627368798	0.544578272997386	0.0	0.13113316241266115	0.7403106627368798	0.13113316241266115	0.0	0.7234806060605954	0.7925526315789536	0.7286210526315887
0.0	0.6668083085796873	0.7780952420430122	0.6668083085796873	0.0	0.12741121702801841	0.7780952420430122	0.12741121702801841	0.0	0.6928749494949371	0.7775736842105277	0.7871526315789531
0.0	0.6019572754709632	0.7184010754345618	0.6019572754709632	0.0	0.09712367309999108	0.7184010754345618	0.09712367309999108	0.0	0.8593670707070569	0.8599684210526447	0.8441421052631717
0.0	0.600970983086184	0.619126136902687	0.600970983086184	0.0	0.07771323202297706	0.619126136902687	0.07771323202297706	0.0	0.8235769696969574	0.8138368421052716	0.818805263157907
0.0	0.5819844023062231	0.6927894644271811	0.5819844023062231	0.0	0.1573395787474857	0.6927894644271811	0.1573395787474857	0.0	0.7963357575757515	0.7396578947368485	0.7738736842105334
0.0	0.6032953784467063	0.760057600416791	0.6032953784467063	0.0	0.08406233670424211	0.760057600416791	0.08406233670424211	0.0	0.7503418181818108	0.8876894736842207	0.8245736842105386
0.0	0.7006986374014413	0.7315695345348449	0.7006986374014413	0.0	0.06900023843736461	0.7315695345348449	0.06900023843736461	0.0	0.6456989898989784	0.8128263157894874	0.8206157894737018
0.0	0.5343752229609913	0.6308835606152823	0.5343752229609913	0.0	0.05828751214849604	0.6308835606152823	0.05828751214849604	0.0	0.7423189898989765	0.7796842105263321	0.8178684210526405
0.0	0.5262044943762356	0.6181080315771829	0.5262044943762356	0.0	0.09422469083770846	0.6181080315771829	0.09422469083770846	0.0	0.7868919191919024	0.7713789473684277	0.8271684210526461
0.0	0.6734963795282156	0.7232231145430271	0.6734963795282156	0.0	0.07194474528744899	0.7232231145430271	0.07194474528744899	0.0	0.7168642424242331	0.7831473684210671	0.8010947368421115
0.0	0.6036560116173066	0.8404571406618339	0.6036560116173066	0.0	0.10271061407668315	0.8404571406618339	0.10271061407668315	0.0	0.7071961616161532	0.8616789473684422	0.790694736842126
0.0	0.5639813933204487	0.7537429093592631	0.5639813933204487	0.0	0.12270275574680989	0.7537429093592631	0.12270275574680989	0.0	0.7399511111110985	0.7490947368421234	0.7526473684210612
0.0	0.5799577433014936	0.7103165142967695	0.5799577433014936	0.0	0.16680668286705957	0.7103165142967695	0.16680668286705957	0.0	0.7557773737373601	0.7422842105263328	0.6460263157894872
0.0	0.7235266723056032	0.8467677874089334	0.7235266723056032	0.0	0.10004339444396138	0.8467677874089334	0.10004339444396138	0.0	0.614069090909081	0.6821000000000137	0.6884368421052752
0.0	0.38055729736527866	0.4771949842043771	0.38055729736527866	0.0	0.08098678315409745	0.4771949842043771	0.08098678315409745	0.0	0.9313737373737272	0.8126263157894842	0.7850157894736891
0.0	0.5126836918576976	0.706404529474176	0.5126836918576976	0.0	0.18081987437119504	0.706404529474176	0.18081987437119504	0.0	0.9030189898989864	0.7391842105263278	0.7497473684210731
0.0	0.5653267927663723	0.8004991075917386	0.5653267927663723	0.0	0.13248534716369295	0.8004991075917386	0.13248534716369295	0.0	0.7784860606060492	0.7565263157894879	0.686521052631582
0.0	0.6989919730216296	0.7386227752549149	0.6989919730216296	0.0	0.08044524797048327	0.7386227752549149	0.08044524797048327	0.0	0.7660713131313024	0.7266526315789537	0.7580315789473813
0.0	0.5069126911499701	0.6233322681407619	0.5069126911499701	0.0	0.12864391928538754	0.6233322681407619	0.12864391928538754	0.0	0.8088529292929165	0.8255894736842238	0.8142368421052805
0.0	0.511491575671536	0.6904719006122852	0.511491575671536	0.0	0.11476056075923378	0.6904719006122852	0.11476056075923378	0.0	0.8006480808080704	0.8778157894736972	0.819131578947372
0.0	0.5620433405708597	0.5629571478808981	0.5620433405708597	0.0	0.07315768836085883	0.5629571478808981	0.07315768836085883	0.0	0.7400854545454467	0.6074789473684308	0.6542368421052717
0.0	0.6420368376321672	0.7230220649229849	0.6420368376321672	0.0	0.11489203904377056	0.7230220649229849	0.11489203904377056	0.0	0.7365068686868593	0.7732631578947503	0.7241105263157956
0.0	0.5255680526943568	0.6020986690947847	0.5255680526943568	0.0	0.08097166456787935	0.6020986690947847	0.08097166456787935	0.0	0.7864212121212002	0.6625157894736916	0.7125526315789543
0.0	0.6596281975358684	0.775582633687113	0.6596281975358684	0.0	0.10319766676072856	0.775582633687113	0.10319766676072856	0.0	0.6827240404040379	0.7243947368421183	0.6741578947368488
0.0	0.5759934723544522	0.6501689788097107	0.5759934723544522	0.0	0.13717624662046327	0.6501689788097107	0.13717624662046327	0.0	0.8097313131313064	0.6741631578947429	0.6418157894737014
0.0	0.5765868471750133	0.7866003175249368	0.5765868471750133	0.0	0.06345172386657506	0.7866003175249368	0.06345172386657506	0.0	0.7574507070707004	0.9580526315789586	0.9147263157894859
0.0	0.5782207586298799	0.7083783325465169	0.5782207586298799	0.0	0.10128670243030828	0.7083783325465169	0.10128670243030828	0.0	0.8490624242424061	0.8387052631579043	0.7614684210526443
0.0	0.564032056313358	0.681122875905212	0.564032056313358	0.0	0.1855046916341225	0.681122875905212	0.1855046916341225	0.0	0.7910676767676674	0.7813578947368511	0.7622631578947555
0.0	0.5224242956440405	0.6036666181227254	0.5224242956440405	0.0	0.06236311981453582	0.6036666181227254	0.06236311981453582	0.0	0.7789153535353438	0.6634263157894951	0.6852368421052689
0.0	0.4918994884085318	0.5893124003030954	0.4918994884085318	0.0	0.1383709246801185	0.5893124003030954	0.1383709246801185	0.0	0.9088236363636221	0.8420315789473838	0.8079842105263314
0.0	0.5765998032536662	0.727403124588054	0.5765998032536662	0.0	0.12517221916202362	0.727403124588054	0.12517221916202362	0.0	0.7175159595959527	0.7366894736842207	0.8112157894737052
0.0	0.653288030068352	0.6650949155975219	0.653288030068352	0.0	0.08227305889461622	0.6650949155975219	0.08227305889461622	0.0	0.7739981818181677	0.8279368421052729	0.8529421052631602
0.0	0.6379455805966564	0.7682920377183674	0.6379455805966564	0.0	0.08754845989010104	0.7682920377183674	0.08754845989010104	0.0	0.7253121212121141	0.8635526315789556	0.8483894736842248
0.0	0.6891430671489491	0.8109900353277408	0.6891430671489491	0.0	0.1304372525824762	0.8109900353277408	0.1304372525824762	0.0	0.7081468686868572	0.762210526315801	0.7015947368421189
0.0	0.6205702919620314	0.6142777409172798	0.6205702919620314	0.0	0.09926647274563923	0.6142777409172798	0.09926647274563923	0.0	0.8194983838383757	0.7949789473684301	0.7864210526315903
0.0	0.5650008389070543	0.6562134612321862	0.5650008389070543	0.0	0.09544724797321341	0.6562134612321862	0.09544724797321341	0.0	0.858679393939385	0.8177631578947554	0.7656631578947432
0.0	0.621425494898753	0.6965464170129493	0.621425494898753	0.0	0.058455133627829205	0.6965464170129493	0.058455133627829205	0.0	0.725722020202008	0.6591421052631709	0.6847315789473778
0.0	0.5777750874889344	0.6778945943054832	0.5777750874889344	0.0	0.08806558851394795	0.6778945943054832	0.08806558851394795	0.0	0.8106210101010034	0.8121210526315952	0.8264842105263303
0.0	0.5758184228114259	0.5957838902200833	0.5758184228114259	0.0	0.1106883210227369	0.5957838902200833	0.1106883210227369	0.0	0.954875757575756	0.8150210526315871	0.9057947368421216
0.0	0.5743796836399869	0.7015856874522671	0.5743796836399869	0.0	0.10532833368845339	0.7015856874522671	0.10532833368845339	0.0	0.7655838383838282	0.7669842105263281	0.7643526315789596
0.0	0.5963219257020699	0.6708061504104014	0.5963219257020699	0.0	0.08700214207068918	0.6708061504104014	0.08700214207068918	0.0	0.8535056565656468	0.8778631578947439	0.7904684210526427
0.0	0.44727367332427714	0.6075820708467856	0.44727367332427714	0.0	0.12271123935265815	0.6075820708467856	0.12271123935265815	0.0	0.865468888888879	0.8161052631579079	0.8565421052631709
0.0	0.6836497692180169	0.8081004077014314	0.6836497692180169	0.0	0.08522942184840052	0.8081004077014314	0.08522942184840052	0.0	0.6925818181818042	0.8206842105263275	0.7850684210526366
0.0	0.6813431583029937	0.8918612789902688	0.6813431583029937	0.0	0.08023051874380391	0.8918612789902688	0.08023051874380391	0.0	0.6776127272727188	0.8449473684210662	0.8715473684210642
0.0	0.5527940881662387	0.6716996715344351	0.5527940881662387	0.0	0.09608201354171632	0.6716996715344351	0.09608201354171632	0.0	0.8066258585858479	0.8146631578947432	0.8130526315789586
0.0	0.5946598524388483	0.6912349809420921	0.5946598524388483	0.0	0.08474406804020142	0.6912349809420921	0.08474406804020142	0.0	0.8117010101010002	0.8335000000000035	0.8509526315789546
0.0	0.5444157379023405	0.6675190767235188	0.5444157379023405	0.0	0.10343316593205744	0.6675190767235188	0.10343316593205744	0.0	0.7622820202020109	0.8453421052631748	0.7989894736842215
0.0	0.5782742410797032	0.7334990362223346	0.5782742410797032	0.0	0.06091709724681436	0.7334990362223346	0.06091709724681436	0.0	0.7568444444444353	0.8769210526316	0.8292631578947545
0.0	0.6234221329151236	0.7977570205825425	0.6234221329151236	0.0	0.12967590646112	0.7977570205825425	0.12967590646112	0.0	0.7760747474747393	0.8928947368421194	0.8846947368421152
0.0	0.6022976577666463	0.6216201070939148	0.6022976577666463	0.0	0.13087253472484828	0.6216201070939148	0.13087253472484828	0.0	0.7984664646464551	0.632910526315803	0.6701894736842222
0.0	0.6239693907284471	0.799313748733434	0.6239693907284471	0.0	0.16872400385258107	0.799313748733434	0.16872400385258107	0.0	0.7512977777777714	0.7161473684210585	0.7592736842105405
0.0	0.4857573990761481	0.5855936206547873	0.4857573990761481	0.0	0.10909366533978879	0.5855936206547873	0.10909366533978879	0.0	0.8589333333333232	0.8050368421052709	0.8093894736842232
0.0	0.5918211673395489	0.6447043750550083	0.5918211673395489	0.0	0.11080027894182008	0.6447043750550083	0.11080027894182008	0.0	0.8204125252525163	0.8158315789473753	0.8143894736842194
0.0	0.6572469693219936	0.7869681764281808	0.6572469693219936	0.0	0.2084380235300981	0.7869681764281808	0.2084380235300981	0.0	0.7532072727272587	0.676936842105276	0.7085210526315874
0.0	0.540675321056295	0.5960022029251045	0.540675321056295	0.0	0.10427835142943083	0.5960022029251045	0.10427835142943083	0.0	0.8600185858585783	0.8538000000000169	0.9271368421052839
0.0	0.7040935246319293	0.8167273704547966	0.7040935246319293	0.0	0.20137784983753607	0.8167273704547966	0.20137784983753607	0.0	0.7574218181818121	0.8786315789473758	0.9132526315789605
0.0	0.5892209770963817	0.6448838617493021	0.5892209770963817	0.0	0.11012522210322544	0.6448838617493021	0.11012522210322544	0.0	0.8005086868686756	0.6771473684210627	0.6943105263158029
0.0	0.6381386533250636	0.7422673960147301	0.6381386533250636	0.0	0.1096085168594633	0.7422673960147301	0.1096085168594633	0.0	0.7547523232323121	0.8049105263158085	0.8294947368421237
0.0	0.5161048821980428	0.6073482713071044	0.5161048821980428	0.0	0.09565303486866623	0.6073482713071044	0.09565303486866623	0.0	0.8058331313131251	0.9220631578947499	0.9118842105263382
0.0	0.6239820146507584	0.6538926841181353	0.6239820146507584	0.0	0.06334109814699335	0.6538926841181353	0.06334109814699335	0.0	0.7256175757575624	0.7782894736842189	0.764884210526329
0.0	0.5031828229477533	0.6487881398831304	0.5031828229477533	0.0	0.1387090043004566	0.6487881398831304	0.1387090043004566	0.0	0.9331252525252478	0.8480526315789585	0.7662052631579019
0.0	0.5958292107303894	0.8482956989269252	0.5958292107303894	0.0	0.14025410516584286	0.8482956989269252	0.14025410516584286	0.0	0.7293707070706985	0.7417315789473797	0.6592631578947445
0.0	0.6517399424308357	0.7654241551364521	0.6517399424308357	0.0	0.07960382833761016	0.7654241551364521	0.07960382833761016	0.0	0.7808181818181712	0.8767684210526359	0.875263157894744
0.0	0.5865503986774916	0.6546760583678173	0.5865503986774916	0.0	0.09818352718462307	0.6546760583678173	0.09818352718462307	0.0	0.7244911111111022	0.7904736842105385	0.8109526315789524
0.0	0.6347851640039844	0.7060700265338313	0.6347851640039844	0.0	0.08426181063053975	0.7060700265338313	0.08426181063053975	0.0	0.7844868686868568	0.8032789473684423	0.7782578947368552
0.0	0.651067713355336	0.8176437895753669	0.651067713355336	0.0	0.11506180365287304	0.8176437895753669	0.11506180365287304	0.0	0.7628054545454453	0.8340157894736934	0.754631578947385
0.0	0.5022274523037281	0.6181910078414065	0.5022274523037281	0.0	0.08005092123055403	0.6181910078414065	0.08005092123055403	0.0	0.7635018181818084	0.7246789473684285	0.769889473684219
0.0	0.6326128445913978	0.855605197067371	0.6326128445913978	0.0	0.12091564889768552	0.855605197067371	0.12091564889768552	0.0	0.6787868686868603	0.7345684210526461	0.7224368421052695
0.0	0.6324157988029313	0.7881872936703073	0.6324157988029313	0.0	0.11407964690537693	0.7881872936703073	0.11407964690537693	0.0	0.6525589898989812	0.7544526315789618	0.8196000000000082
0.0	0.6489258170237779	0.7689325159325843	0.6489258170237779	0.0	0.07818197989857407	0.7689325159325843	0.07818197989857407	0.0	0.6958545454545365	0.7351473684210675	0.7441947368421132
0.0	0.5591101143685837	0.7540433285792425	0.5591101143685837	0.0	0.1379124933361717	0.7540433285792425	0.1379124933361717	0.0	0.7561793939393794	0.7731263157894888	0.717647368421074
0.0	0.6940242537022319	0.8211673028713632	0.6940242537022319	0.0	0.08935445166057572	0.8211673028713632	0.08935445166057572	0.0	0.713511515151507	0.7664000000000142	0.7425578947368582
0.0	0.5760878615374859	0.7169567841960914	0.5760878615374859	0.0	0.14746085057852149	0.7169567841960914	0.14746085057852149	0.0	0.7230563636363572	0.7650789473684305	0.7486894736842203
0.0	0.5672252633628155	0.6270533913171717	0.5672252633628155	0.0	0.06799443548719507	0.6270533913171717	0.06799443548719507	0.0	0.8077151515151418	0.823847368421062	0.8181368421052806
0.0	0.6031124038377962	0.6705975209441511	0.6031124038377962	0.0	0.10315290220580649	0.6705975209441511	0.10315290220580649	0.0	0.7262367676767584	0.6833736842105425	0.7148368421052776
0.0	0.5268219073259204	0.6608930114965992	0.5268219073259204	0.0	0.11662065468475018	0.6608930114965992	0.11662065468475018	0.0	0.8168319191919031	0.8295526315789574	0.7585157894737007
0.0	0.5627663383027252	0.6701118476286623	0.5627663383027252	0.0	0.10952407092274427	0.6701118476286623	0.10952407092274427	0.0	0.8772846464646362	0.7534684210526411	0.780594736842112
0.0	0.602151137526067	0.7620645903952161	0.602151137526067	0.0	0.09910898284978426	0.7620645903952161	0.09910898284978426	0.0	0.7169167676767575	0.8177000000000109	0.855136842105275
0.0	0.4793095687139003	0.6679044257941079	0.4793095687139003	0.0	0.0956074120374085	0.6679044257941079	0.0956074120374085	0.0	0.8403561616161538	0.7762736842105378	0.8151631578947494
0.0	0.5672621865609762	0.6097853550626807	0.5672621865609762	0.0	0.0989021600161149	0.6097853550626807	0.0989021600161149	0.0	0.8393349494949339	0.7639526315789605	0.8003631578947515
0.0	0.4553709579565556	0.5921132692845277	0.4553709579565556	0.0	0.07735911970654841	0.5921132692845277	0.07735911970654841	0.0	0.899107272727263	0.7717368421052766	0.7277631578947432
0.0	0.5186091438313842	0.6517932527495258	0.5186091438313842	0.0	0.10178777289965882	0.6517932527495258	0.10178777289965882	0.0	0.8793569696969581	0.9214000000000109	0.8408631578947481
0.0	0.5074865988092924	0.6725761205332249	0.5074865988092924	0.0	0.09478340651417416	0.6725761205332249	0.09478340651417416	0.0	0.8099529292929137	0.7856526315789504	0.740247368421068
0.0	0.6446909852631674	0.7643701201406897	0.6446909852631674	0.0	0.07747387715189556	0.7643701201406897	0.07747387715189556	0.0	0.6529567676767603	0.757600000000011	0.7872263157894847
0.0	0.6044896710950843	0.6800052366715318	0.6044896710950843	0.0	0.04159864845608088	0.6800052366715318	0.04159864845608088	0.0	0.7451975757575686	0.9131315789473762	0.8968842105263275
0.0	0.6021535740586317	0.7782192454753148	0.6021535740586317	0.0	0.09503907435732022	0.7782192454753148	0.09503907435732022	0.0	0.7922828282828174	0.9010105263158011	0.8675473684210603
0.0	0.6208878538368136	0.6991850816015112	0.6208878538368136	0.0	0.06928699162517987	0.6991850816015112	0.06928699162517987	0.0	0.7336537373737252	0.7426421052631678	0.7436473684210629
0.0	0.586973592499241	0.672979259048832	0.586973592499241	0.0	0.09582003592611246	0.672979259048832	0.09582003592611246	0.0	0.7864581818181746	0.8587210526315894	0.846531578947384
0.0	0.5767687613856708	0.6596686732016702	0.5767687613856708	0.0	0.15357367381974837	0.6596686732016702	0.15357367381974837	0.0	0.7525294949494841	0.6772210526315948	0.7543736842105442
0.0	0.5460499349543119	0.5785929924695171	0.5460499349543119	0.0	0.10887116656847305	0.5785929924695171	0.10887116656847305	0.0	0.8502270707070582	0.7402894736842244	0.7967421052631716
0.0	0.49257937143940644	0.6268924453732643	0.49257937143940644	0.0	0.11725042129863117	0.6268924453732643	0.11725042129863117	0.0	0.7526664646464587	0.7709684210526434	0.7625105263158047
0.0	0.6491584887763164	0.7289278362824371	0.6491584887763164	0.0	0.09742734259419444	0.7289278362824371	0.09742734259419444	0.0	0.7049141414141316	0.7395631578947497	0.7937684210526391
0.0	0.5046494504917708	0.6145063529584933	0.5046494504917708	0.0	0.13694486248445317	0.6145063529584933	0.13694486248445317	0.0	0.8716284848484743	0.7484631578947539	0.8148052631579008
0.0	0.5707650419308794	0.7454913938038823	0.5707650419308794	0.0	0.10072070984889406	0.7454913938038823	0.10072070984889406	0.0	0.825004242424237	0.7851894736842221	0.7849000000000173
0.0	0.54402727270022	0.7087382612879323	0.54402727270022	0.0	0.13745291312911287	0.7087382612879323	0.13745291312911287	0.0	0.759805252525246	0.8055000000000149	0.834805263157903
0.0	0.6606828730243027	0.7088641880591648	0.6606828730243027	0.0	0.0636188120512229	0.7088641880591648	0.0636188120512229	0.0	0.7000404040403997	0.730884210526333	0.8011684210526496
0.0	0.5141316060452791	0.6093108891528931	0.5141316060452791	0.0	0.08312043400117285	0.6093108891528931	0.08312043400117285	0.0	0.8303430303030135	0.8125947368421216	0.7658631578947536
0.0	0.5349406170507376	0.6853503589551893	0.5349406170507376	0.0	0.09258889163515738	0.6853503589551893	0.09258889163515738	0.0	0.7809062626262477	0.7538684210526412	0.7367105263158034
0.0	0.6383640296295551	0.7337581971042016	0.6383640296295551	0.0	0.15742840917393558	0.7337581971042016	0.15742840917393558	0.0	0.8500220202020087	0.9443789473684352	0.9277368421052774
0.0	0.5455563651856814	0.6362449684065056	0.5455563651856814	0.0	0.10170345424542171	0.6362449684065056	0.10170345424542171	0.0	0.8143654545454417	0.7820473684210615	0.7745421052631717
0.0	0.6554541817773102	0.7417463440791131	0.6554541817773102	0.0	0.07097566822483414	0.7417463440791131	0.07097566822483414	0.0	0.7018460606060474	0.8441526315789646	0.8244473684210639
0.0	0.49520388054956094	0.8035954128650882	0.49520388054956094	0.0	0.17883421751595135	0.8035954128650882	0.17883421751595135	0.0	0.7427420202020105	0.766763157894746	0.7273315789473775
0.0	0.6594997759503443	0.7012477821552284	0.6594997759503443	0.0	0.11057983584908117	0.7012477821552284	0.11057983584908117	0.0	0.7195670707070593	0.8127368421052781	0.8134947368421158
0.0	0.5152053413914237	0.6298392291083561	0.5152053413914237	0.0	0.07708813684028823	0.6298392291083561	0.07708813684028823	0.0	0.8154884848484755	0.7609526315789569	0.6839894736842217
0.0	0.47591957579970373	0.6666775155163503	0.47591957579970373	0.0	0.14527085849564128	0.6666775155163503	0.14527085849564128	0.0	0.8324155555555423	0.7865263157894776	0.7430157894736978
0.0	0.6102841706377509	0.7947972006691693	0.6102841706377509	0.0	0.11605273143785688	0.7947972006691693	0.11605273143785688	0.0	0.713030303030301	0.7518105263157943	0.7461473684210694
0.0	0.5716460261790025	0.6642443134034988	0.5716460261790025	0.0	0.1644017810283087	0.6642443134034988	0.1644017810283087	0.0	0.7872767676767529	0.7828210526315902	0.7715736842105354
0.0	0.66807368105093	0.8512165461872548	0.66807368105093	0.0	0.10405447791990467	0.8512165461872548	0.10405447791990467	0.0	0.732843838383834	0.8288473684210622	0.7652315789473756
0.0	0.5609047400682421	0.6843931970360719	0.5609047400682421	0.0	0.08907738612617062	0.6843931970360719	0.08907738612617062	0.0	0.872018181818179	0.8099473684210604	0.7341210526315911
0.0	0.6758721312730191	0.7839084759487629	0.6758721312730191	0.0	0.1614984791491437	0.7839084759487629	0.1614984791491437	0.0	0.6464103030302921	0.6966157894736996	0.7949315789473805
0.0	0.5821538354808353	0.5909940055429382	0.5821538354808353	0.0	0.06083021469370199	0.5909940055429382	0.06083021469370199	0.0	0.7881088888888799	0.7696789473684366	0.8335842105263185
0.0	0.5188994085293857	0.7747590010344675	0.5188994085293857	0.0	0.16814299301592586	0.7747590010344675	0.16814299301592586	0.0	0.7912818181818086	0.8699736842105351	0.8399368421052781
0.0	0.6378024813104916	0.7733752586714314	0.6378024813104916	0.0	0.12339248707410401	0.7733752586714314	0.12339248707410401	0.0	0.6994537373737263	0.8033526315789605	0.6848894736842167
0.0	0.5540304898544375	0.7134087368497484	0.5540304898544375	0.0	0.10192618424459923	0.7134087368497484	0.10192618424459923	0.0	0.7882107070707005	0.7806684210526436	0.7014000000000179
0.0	0.5387487894329274	0.691773525958255	0.5387487894329274	0.0	0.13475213924649249	0.691773525958255	0.13475213924649249	0.0	0.7910868686868544	0.6801526315789627	0.726515789473696
0.0	0.5446630538398873	0.7985067995619342	0.5446630538398873	0.0	0.13018586609047508	0.7985067995619342	0.13018586609047508	0.0	0.8454317171717064	0.8928684210526396	0.77330000000001
0.0	0.6311988953826069	0.7114375456990032	0.6311988953826069	0.0	0.12297340536352996	0.7114375456990032	0.12297340536352996	0.0	0.7434963636363561	0.7173052631579128	0.6973052631579145
0.0	0.5717973294455386	0.7079376030976604	0.5717973294455386	0.0	0.07041909382861278	0.7079376030976604	0.07041909382861278	0.0	0.771639797979785	0.7808631578947534	0.7334315789473798
0.0	0.5245954079786227	0.6651739831736786	0.5245954079786227	0.0	0.133843267987801	0.6651739831736786	0.133843267987801	0.0	0.8389452525252453	0.825589473684221	0.7989736842105337
0.0	0.5783306267619881	0.6407083992824822	0.5783306267619881	0.0	0.08788482629141202	0.6407083992824822	0.08788482629141202	0.0	0.7357806060605947	0.727352631578958	0.6883578947368546
0.0	0.5702777607332077	0.5953269681085306	0.5702777607332077	0.0	0.06035222447847677	0.5953269681085306	0.06035222447847677	0.0	0.8012549494949364	0.708726315789485	0.7168000000000081
0.0	0.7090476303915003	0.8543136864489631	0.7090476303915003	0.0	0.15583704311147678	0.8543136864489631	0.15583704311147678	0.0	0.6728234343434216	0.8487210526315913	0.7686263157894898
0.0	0.4995474756355092	0.6446699753125084	0.4995474756355092	0.0	0.11047051210091738	0.6446699753125084	0.11047051210091738	0.0	0.8409624242424105	0.8444473684210658	0.8716000000000063
0.0	0.5930399087374669	0.7010015392575408	0.5930399087374669	0.0	0.060488108761741335	0.7010015392575408	0.060488108761741335	0.0	0.7830422222222154	0.7141368421052745	0.7221263157894807
0.0	0.5165370134688958	0.7035432838548534	0.5165370134688958	0.0	0.1442167189206142	0.7035432838548534	0.1442167189206142	0.0	0.7778955555555397	0.7477368421052777	0.74631578947369
0.0	0.5940201240216056	0.7005263100338499	0.5940201240216056	0.0	0.08190872542878075	0.7005263100338499	0.08190872542878075	0.0	0.7302674747474714	0.8145210526315855	0.7486052631579105
0.0	0.522838247671291	0.6204256163825833	0.522838247671291	0.0	0.0447807244806366	0.6204256163825833	0.0447807244806366	0.0	0.8177545454545311	0.810394736842118	0.7538473684210634
0.0	0.5694299673931363	0.6026654804462309	0.5694299673931363	0.0	0.09035331140978121	0.6026654804462309	0.09035331140978121	0.0	0.7681022222222086	0.7666473684210604	0.8322105263158017
0.0	0.475288127373005	0.567658027981922	0.475288127373005	0.0	0.07053770747828075	0.567658027981922	0.07053770747828075	0.0	0.8288747474747347	0.8666842105263225	0.8991947368421193
0.0	0.5327723246394696	0.6864201197566143	0.5327723246394696	0.0	0.09708787696528026	0.6864201197566143	0.09708787696528026	0.0	0.8236852525252373	0.8477736842105397	0.8236421052631767
0.0	0.6719565922755594	0.7482839749754452	0.6719565922755594	0.0	0.11725458296957847	0.7482839749754452	0.11725458296957847	0.0	0.7184816161615988	0.7757736842105424	0.815931578947375
0.0	0.6182841941618578	0.6975667183980634	0.6182841941618578	0.0	0.0816513638854041	0.6975667183980634	0.0816513638854041	0.0	0.7739547474747382	0.7643473684210631	0.810873684210532
0.0	0.6511221507147846	0.7324861410750279	0.6511221507147846	0.0	0.13237591261528595	0.7324861410750279	0.13237591261528595	0.0	0.7483975757575724	0.7297789473684343	0.7581368421052757
0.0	0.5596170702847094	0.6273451814472416	0.5596170702847094	0.0	0.12973703007647142	0.6273451814472416	0.12973703007647142	0.0	0.8322987878787845	0.752721052631587	0.7651631578947473
0.0	0.6847927138764769	0.6875872744716636	0.6847927138764769	0.0	0.07867139851383138	0.6875872744716636	0.07867139851383138	0.0	0.8177303030302912	0.7659315789473801	0.8149947368421088
0.0	0.6512138862905155	0.7910183676012239	0.6512138862905155	0.0	0.0752649395380151	0.7910183676012239	0.0752649395380151	0.0	0.6996468686868587	0.8449210526315948	0.8451368421052832
0.0	0.4470667624233999	0.4729186414408754	0.4470667624233999	0.0	0.05184884953543165	0.4729186414408754	0.05184884953543165	0.0	0.9411652525252434	0.8156631578947526	0.7880368421052767
0.0	0.7230764003109822	0.7482486309489274	0.7230764003109822	0.0	0.11892556377289597	0.7482486309489274	0.11892556377289597	0.0	0.6781206060605975	0.7773842105263272	0.8131684210526481
0.0	0.609366689951062	0.6730309312728209	0.609366689951062	0.0	0.16735036218069282	0.6730309312728209	0.16735036218069282	0.0	0.7231593939393808	0.6197315789473787	0.6917684210526351
0.0	0.5619184162509017	0.7289800183010756	0.5619184162509017	0.0	0.12529150518135904	0.7289800183010756	0.12529150518135904	0.0	0.8245630303030174	0.7861894736842147	0.795889473684226
0.0	0.5607490037080827	0.6049385640799677	0.5607490037080827	0.0	0.08456531691423477	0.6049385640799677	0.08456531691423477	0.0	0.8358933333333177	0.8257947368421219	0.760721052631589
0.0	0.6360187537201295	0.747494496416332	0.6360187537201295	0.0	0.15385317650148503	0.747494496416332	0.15385317650148503	0.0	0.7604650505050418	0.7257526315789642	0.7155052631579079
0.0	0.4774900238128223	0.6286817585536488	0.4774900238128223	0.0	0.12158276247934671	0.6286817585536488	0.12158276247934671	0.0	0.8786810101009949	0.8393894736842227	0.7456473684210614
0.0	0.5999346647838922	0.6965364146056292	0.5999346647838922	0.0	0.07305667601009348	0.6965364146056292	0.07305667601009348	0.0	0.7282654545454413	0.7216000000000081	0.7411000000000109
0.0	0.5464088813788358	0.6476674946890918	0.5464088813788358	0.0	0.12422823202231524	0.6476674946890918	0.12422823202231524	0.0	0.7237587878787807	0.7174473684210635	0.7322315789473813
0.0	0.5302194604912192	0.7225386204771297	0.5302194604912192	0.0	0.13630246881629032	0.7225386204771297	0.13630246881629032	0.0	0.8479478787878676	0.795115789473694	0.7302263157894902
0.0	0.5677220519271687	0.5696328399562586	0.5677220519271687	0.0	0.056487230365464616	0.5696328399562586	0.056487230365464616	0.0	0.8056430303030235	0.7460210526315901	0.8162789473684352
0.0	0.6481614261840092	0.7998898315247973	0.6481614261840092	0.0	0.06808414796485399	0.7998898315247973	0.06808414796485399	0.0	0.7602929292929218	0.8343736842105344	0.7312894736842214
0.0	0.6285467636709443	0.7660286403438914	0.6285467636709443	0.0	0.1038813870278117	0.7660286403438914	0.1038813870278117	0.0	0.7827420202020103	0.8449631578947514	0.8275263157894868
0.0	0.6535218828712871	0.7413187213261514	0.6535218828712871	0.0	0.12425667636169296	0.7413187213261514	0.12425667636169296	0.0	0.7622373737373617	0.7732052631579067	0.8192157894737012
0.0	0.6668026099402153	0.8369796918383348	0.6668026099402153	0.0	0.12335393545959969	0.8369796918383348	0.12335393545959969	0.0	0.7204614141414051	0.8005105263158045	0.824257894736852
0.0	0.6042320441902168	0.6233061722329376	0.6042320441902168	0.0	0.1031387122193807	0.6233061722329376	0.1031387122193807	0.0	0.769541010101005	0.608457894736858	0.6138000000000088
0.0	0.5527084317786193	0.6457185657386507	0.5527084317786193	0.0	0.11928147342520101	0.6457185657386507	0.11928147342520101	0.0	0.76116606060605	0.7041315789473759	0.7718421052631659
0.0	0.6214990301131367	0.5958172685709705	0.6214990301131367	0.0	0.08443006087245936	0.5958172685709705	0.08443006087245936	0.0	0.7498901010100901	0.7221736842105361	0.7528684210526432
0.0	0.5306860791305994	0.6677907527873778	0.5306860791305994	0.0	0.13440571552280994	0.6677907527873778	0.13440571552280994	0.0	0.8891240404040297	0.7724263157894821	0.8077578947368517
0.0	0.5378299039880775	0.6503185443530126	0.5378299039880775	0.0	0.060511524686337574	0.6503185443530126	0.060511524686337574	0.0	0.7553876767676673	0.5938473684210632	0.603810526315798
0.0	0.6485336943641451	0.725033289680565	0.6485336943641451	0.0	0.07106868366473373	0.725033289680565	0.07106868366473373	0.0	0.6734046464646315	0.8207789473684292	0.8186210526315872
0.0	0.5974936585100791	0.7291646204177984	0.5974936585100791	0.0	0.12007714435143213	0.7291646204177984	0.12007714435143213	0.0	0.7719515151514983	0.8100578947368549	0.7195421052631711
0.0	0.5897195534717328	0.7032910120432034	0.5897195534717328	0.0	0.13751713510968785	0.7032910120432034	0.13751713510968785	0.0	0.7476199999999904	0.7815578947368509	0.796457894736862
0.0	0.6498632408220549	0.7830709161485139	0.6498632408220549	0.0	0.10304405997038726	0.7830709161485139	0.10304405997038726	0.0	0.7128365656565535	0.7747315789473842	0.7161789473684376
0.0	0.5489984920153896	0.5742596624111678	0.5489984920153896	0.0	0.08721254465553896	0.5742596624111678	0.08721254465553896	0.0	0.8865802020201923	0.7756473684210659	0.889142105263172
0.0	0.5852096187980441	0.6656190640527528	0.5852096187980441	0.0	0.0971864316781891	0.6656190640527528	0.0971864316781891	0.0	0.8090090909090804	0.776005263157903	0.8297473684210646
0.0	0.6416860547989748	0.8088773829920206	0.6416860547989748	0.0	0.09000417521261926	0.8088773829920206	0.09000417521261926	0.0	0.70384383838383	0.83790526315791	0.8890789473684331
0.0	0.4930157277711202	0.6079402266788759	0.4930157277711202	0.0	0.11703492078342449	0.6079402266788759	0.11703492078342449	0.0	0.8577135353535219	0.8768736842105421	0.9229894736842277
0.0	0.48904174070984624	0.5624195561103272	0.48904174070984624	0.0	0.06340759213445323	0.5624195561103272	0.06340759213445323	0.0	0.8369531313131231	0.7528894736842222	0.825752631578955
0.0	0.5152907956848937	0.6342342790658149	0.5152907956848937	0.0	0.11714813867962653	0.6342342790658149	0.11714813867962653	0.0	0.7997250505050357	0.9288210526315913	0.9446368421052759
0.0	0.5863638397370424	0.6333328819405242	0.5863638397370424	0.0	0.09056403602501682	0.6333328819405242	0.09056403602501682	0.0	0.7348638383838244	0.6622368421052695	0.7169210526315881
0.0	0.4114151479044921	0.6063035101710368	0.4114151479044921	0.0	0.15365266169250946	0.6063035101710368	0.15365266169250946	0.0	0.8839335353535245	0.7265578947368505	0.7286894736842158
0.0	0.5924146899108511	0.6463993984716382	0.5924146899108511	0.0	0.07123273366855651	0.6463993984716382	0.07123273366855651	0.0	0.8229888888888784	0.8306105263157999	0.7822789473684316
0.0	0.6369029984148616	0.6753851426043895	0.6369029984148616	0.0	0.11310121584168073	0.6753851426043895	0.11310121584168073	0.0	0.7636747474747368	0.7022105263157996	0.7107157894736956
0.0	0.6547667424215242	0.691775725143813	0.6547667424215242	0.0	0.08952483149882495	0.691775725143813	0.08952483149882495	0.0	0.7406179797979722	0.8005684210526387	0.8572368421052733
0.0	0.5595791256698331	0.6362238384606483	0.5595791256698331	0.0	0.08123917515905196	0.6362238384606483	0.08123917515905196	0.0	0.8332284848484733	0.8322631578947525	0.8178157894736937
0.0	0.6039632572895437	0.6321805342557834	0.6039632572895437	0.0	0.05304593835449624	0.6321805342557834	0.05304593835449624	0.0	0.7763783838383733	0.7706894736842268	0.7864315789473784
0.0	0.6881644497345243	0.8392625715214294	0.6881644497345243	0.0	0.14124241702178103	0.8392625715214294	0.14124241702178103	0.0	0.7118913131313037	0.6583578947368518	0.6890157894736942
0.0	0.5240816381815601	0.6676428650163824	0.5240816381815601	0.0	0.12317953386739953	0.6676428650163824	0.12317953386739953	0.0	0.7918628282828174	0.7027578947368568	0.742505263157907
0.0	0.6180902062359152	0.7865625528836074	0.6180902062359152	0.0	0.13386975355922043	0.7865625528836074	0.13386975355922043	0.0	0.7204672727272664	0.8109368421052789	0.7831263157894869
0.0	0.5240460129661255	0.5838140871881983	0.5240460129661255	0.0	0.09905496243573092	0.5838140871881983	0.09905496243573092	0.0	0.806926262626249	0.7600684210526408	0.8371947368421105
0.0	0.6201977340855743	0.7287707871210278	0.6201977340855743	0.0	0.09595861675429843	0.7287707871210278	0.09595861675429843	0.0	0.7143517171716973	0.7975526315789544	0.825784210526331
0.0	0.8154494369180654	0.830921251868454	0.8154494369180654	0.0	0.056726704538554044	0.830921251868454	0.056726704538554044	0.0	0.6946549494949448	0.8380894736842165	0.8999947368421197
0.0	0.5450302749341702	0.7042808575464748	0.5450302749341702	0.0	0.12540039356089494	0.7042808575464748	0.12540039356089494	0.0	0.7922402020201863	0.8008263157894865	0.7397631578947521
0.0	0.6474673782948787	0.8200665894316234	0.6474673782948787	0.0	0.1250663732447547	0.8200665894316234	0.1250663732447547	0.0	0.6999727272727209	0.8231421052631577	0.7409789473684266
0.0	0.6440170451554693	0.8041084905661479	0.6440170451554693	0.0	0.09911843646388202	0.8041084905661479	0.09911843646388202	0.0	0.665659595959585	0.7647842105263277	0.6686736842105357
0.0	0.6421480952657522	0.6553107533478394	0.6421480952657522	0.0	0.12250431154084365	0.6553107533478394	0.12250431154084365	0.0	0.7777739393939289	0.7104000000000165	0.7880263157894908
0.0	0.6208874239892811	0.7285700892128102	0.6208874239892811	0.0	0.09681615802384516	0.7285700892128102	0.09681615802384516	0.0	0.7443143434343309	0.7359315789473795	0.7913526315789684
0.0	0.5350638400144798	0.7331796634356964	0.5350638400144798	0.0	0.16423375708858337	0.7331796634356964	0.16423375708858337	0.0	0.8195577777777684	0.7055631578947431	0.6995842105263242
0.0	0.5285987268297883	0.6292674618836459	0.5285987268297883	0.0	0.11265938624851354	0.6292674618836459	0.11265938624851354	0.0	0.8931004040403926	0.8189421052631742	0.8201578947368573
0.0	0.5155100427019267	0.6775112999107216	0.5155100427019267	0.0	0.09733383402176146	0.6775112999107216	0.09733383402176146	0.0	0.8377749494949354	0.8477473684210638	0.7780842105263305
0.0	0.5406506489130546	0.7845010926616071	0.5406506489130546	0.0	0.1876343516784291	0.7845010926616071	0.1876343516784291	0.0	0.7593197979797818	0.8812052631579138	0.8586315789473822
0.0	0.5873107206681601	0.7618471232828673	0.5873107206681601	0.0	0.1752419973357914	0.7618471232828673	0.1752419973357914	0.0	0.7518757575757433	0.6553421052631699	0.648500000000005
0.0	0.5177466637791777	0.6198778457007633	0.5177466637791777	0.0	0.09850836868594208	0.6198778457007633	0.09850836868594208	0.0	0.8328575757575705	0.7991736842105372	0.7441736842105411
0.0	0.5362432888131194	0.6785490800206803	0.5362432888131194	0.0	0.09574949378845386	0.6785490800206803	0.09574949378845386	0.0	0.8042189898989909	0.8067315789473772	0.7684368421052669
0.0	0.5781651741804794	0.6983188167410637	0.5781651741804794	0.0	0.08986733104044452	0.6983188167410637	0.08986733104044452	0.0	0.7298355555555424	0.7614684210526496	0.6877263157894848
0.0	0.558259336363834	0.6821369404030335	0.558259336363834	0.0	0.1593009323398149	0.6821369404030335	0.1593009323398149	0.0	0.8168886868686711	0.828178947368422	0.8585789473684302
0.0	0.5936012210447847	0.6567045557817045	0.5936012210447847	0.0	0.06842087231788019	0.6567045557817045	0.06842087231788019	0.0	0.7314638383838301	0.7597473684210667	0.7765105263158056
0.0	0.5800855366867613	0.7438164498575915	0.5800855366867613	0.0	0.06863463776211033	0.7438164498575915	0.06863463776211033	0.0	0.732625656565641	0.7907526315789609	0.6882842105263282
0.0	0.5394598222976876	0.6992652118970387	0.5394598222976876	0.0	0.12988495404159742	0.6992652118970387	0.12988495404159742	0.0	0.8332753535353422	0.8109052631579029	0.7683263157894813
0.0	0.6864729291958144	0.8946578360918134	0.6864729291958144	0.0	0.12394659816634533	0.8946578360918134	0.12394659816634533	0.0	0.6706440404040291	0.8381842105263255	0.7927473684210664
0.0	0.6161195402420993	0.6676276939970498	0.6161195402420993	0.0	0.045481303652416656	0.6676276939970498	0.045481303652416656	0.0	0.7637448484848349	0.8405473684210618	0.8081000000000107
0.0	0.7093286639356461	0.7428412697019191	0.7093286639356461	0.0	0.044134975897128524	0.7428412697019191	0.044134975897128524	0.0	0.6697646464646385	0.6686789473684371	0.6873526315789598
0.0	0.6738271869168626	0.7278213229487939	0.6738271869168626	0.0	0.09056056010317028	0.7278213229487939	0.09056056010317028	0.0	0.7066070707070604	0.7127210526315878	0.7847473684210658
0.0	0.5046470603511216	0.605372357778816	0.5046470603511216	0.0	0.11340459786203644	0.605372357778816	0.11340459786203644	0.0	0.8662551515151476	0.7722473684210581	0.8067473684210666
0.0	0.6145926689905737	0.7678092838790503	0.6145926689905737	0.0	0.0841079111335557	0.7678092838790503	0.0841079111335557	0.0	0.7471448484848361	0.8202052631578974	0.7627736842105387
0.0	0.5246619768092743	0.6485702341263597	0.5246619768092743	0.0	0.13495347923414938	0.6485702341263597	0.13495347923414938	0.0	0.8388638383838298	0.7679578947368592	0.6920578947368522
0.0	0.508418744877962	0.5322181629402357	0.508418744877962	0.0	0.08950312280871105	0.5322181629402357	0.08950312280871105	0.0	0.8197876767676657	0.809678947368428	0.8040842105263329
0.0	0.5730377403124713	0.6578183996246789	0.5730377403124713	0.0	0.12447244532680564	0.6578183996246789	0.12447244532680564	0.0	0.8044242424242265	0.666663157894754	0.7330421052631619
0.0	0.5976973293594023	0.6967150739709054	0.5976973293594023	0.0	0.11811782962919354	0.6967150739709054	0.11811782962919354	0.0	0.8075533333333255	0.8678315789473837	0.9364684210526514
0.0	0.43415054014312915	0.5896543294734194	0.43415054014312915	0.0	0.08311790678876335	0.5896543294734194	0.08311790678876335	0.0	0.9336068686868648	0.8165315789473839	0.7592894736842137
0.0	0.7475254479061949	0.9467256851445123	0.7475254479061949	0.0	0.12740285093369777	0.9467256851445123	0.12740285093369777	0.0	0.7365466666666577	0.7511157894736938	0.677778947368433
0.0	0.4614845468002088	0.5666804990578139	0.4614845468002088	0.0	0.11026897693786104	0.5666804990578139	0.11026897693786104	0.0	0.8537422222222147	0.8558263157894777	0.8731421052631637
0.0	0.521859321384615	0.650649998640866	0.521859321384615	0.0	0.08201749648986556	0.650649998640866	0.08201749648986556	0.0	0.8130511111111021	0.9393684210526475	0.9124315789473828
0.0	0.5346062029236965	0.6433809354410408	0.5346062029236965	0.0	0.12901141048361334	0.6433809354410408	0.12901141048361334	0.0	0.8670488888888795	0.8364526315789605	0.758110526315805
0.0	0.6757920432384165	0.7750293501162718	0.6757920432384165	0.0	0.09593824540673888	0.7750293501162718	0.09593824540673888	0.0	0.7060214141414074	0.8305105263158021	0.8089157894736986
0.0	0.5596200253361622	0.6755933497303805	0.5596200253361622	0.0	0.08604812364695917	0.6755933497303805	0.08604812364695917	0.0	0.848031919191916	0.7091473684210661	0.7714684210526482
0.0	0.5116094262078172	0.5395856115724182	0.5116094262078172	0.0	0.05366486796466813	0.5395856115724182	0.05366486796466813	0.0	0.8315024242424134	0.8396210526315865	0.8857947368421224
0.0	0.5800756004947394	0.6796994761421307	0.5800756004947394	0.0	0.09426264501785489	0.6796994761421307	0.09426264501785489	0.0	0.7992519191919091	0.7667263157894899	0.7866210526315925
0.0	0.5980480515344022	0.7579712354791531	0.5980480515344022	0.0	0.09952725432201041	0.7579712354791531	0.09952725432201041	0.0	0.7519535353535263	0.7926157894736863	0.7359684210526378
0.0	0.7514548284486838	0.8017995402761608	0.7514548284486838	0.0	0.15307528357775663	0.8017995402761608	0.15307528357775663	0.0	0.7049901010100906	0.7450684210526379	0.7118789473684249
0.0	0.4902870761657176	0.557507186523163	0.4902870761657176	0.0	0.06953357239023089	0.557507186523163	0.06953357239023089	0.0	0.8381957575757469	0.7986526315789595	0.7806526315789575
0.0	0.5565945454735762	0.6680773750566398	0.5565945454735762	0.0	0.1422681422351019	0.6680773750566398	0.1422681422351019	0.0	0.8008224242424089	0.7610473684210698	0.6894789473684293
0.0	0.5410144518942421	0.6316640581507558	0.5410144518942421	0.0	0.10517947064221024	0.6316640581507558	0.10517947064221024	0.0	0.7982634343434182	0.7418947368421145	0.743321052631589
0.0	0.6860441530035218	0.7247327559804724	0.6860441530035218	0.0	0.06421197120366372	0.7247327559804724	0.06421197120366372	0.0	0.7173517171717053	0.7234421052631712	0.7182631578947463
0.0	0.48296609036845506	0.5867958701003835	0.48296609036845506	0.0	0.09272019618697017	0.5867958701003835	0.09272019618697017	0.0	0.8462880808080677	0.8451315789473909	0.8181578947368554
0.0	0.5427682226946869	0.6857535151786405	0.5427682226946869	0.0	0.1399164176014587	0.6857535151786405	0.1399164176014587	0.0	0.798169898989887	0.5978000000000095	0.622552631578957
0.0	0.6065839670729428	0.6838679024224548	0.6065839670729428	0.0	0.1344409056404372	0.6838679024224548	0.1344409056404372	0.0	0.7650533333333246	0.6062736842105338	0.6694736842105318
0.0	0.5493084939756101	0.6504521447657924	0.5493084939756101	0.0	0.12789817240535456	0.6504521447657924	0.12789817240535456	0.0	0.8906840404040293	0.8486157894736965	0.8349315789473866
0.0	0.6266685553854421	0.8590520112329012	0.6266685553854421	0.0	0.14592391402885133	0.8590520112329012	0.14592391402885133	0.0	0.7606981818181706	0.7680631578947528	0.6833421052631675
0.0	0.5654223058284843	0.7351190170231984	0.5654223058284843	0.0	0.15331674694052613	0.7351190170231984	0.15331674694052613	0.0	0.7534789898989718	0.727642105263168	0.7574052631579147
0.0	0.576389008918965	0.6713058401116734	0.576389008918965	0.0	0.07758011921383447	0.6713058401116734	0.07758011921383447	0.0	0.6928587878787759	0.6222315789473782	0.6254157894736941
0.0	0.5056269993476236	0.5932191213716315	0.5056269993476236	0.0	0.09466915644001615	0.5932191213716315	0.09466915644001615	0.0	0.8419911111111016	0.8304842105263281	0.8155473684210655
0.0	0.5219302411128954	0.6712399449225279	0.5219302411128954	0.0	0.08935873491103283	0.6712399449225279	0.08935873491103283	0.0	0.7900737373737295	0.7402631578947483	0.7504578947368493
0.0	0.5130174566769662	0.5843070195738501	0.5130174566769662	0.0	0.06352182517898358	0.5843070195738501	0.06352182517898358	0.0	0.8940416161615988	0.8424684210526422	0.8355789473684331
0.0	0.5768454999292322	0.7590648195068984	0.5768454999292322	0.0	0.10364271808219189	0.7590648195068984	0.10364271808219189	0.0	0.7292703030302905	0.8135631578947523	0.7571263157894851
0.0	0.5734730930308637	0.6845256616317164	0.5734730930308637	0.0	0.09283515114152195	0.6845256616317164	0.09283515114152195	0.0	0.7586135353535225	0.8195526315789605	0.7685368421052763
0.0	0.489970224133128	0.6750209985325403	0.489970224133128	0.0	0.11414332385967733	0.6750209985325403	0.11414332385967733	0.0	0.8315543434343333	0.8414052631579099	0.8678631578947422
0.0	0.6288281029095287	0.6986934427920899	0.6288281029095287	0.0	0.08615949441074088	0.6986934427920899	0.08615949441074088	0.0	0.7252830303030224	0.703684210526323	0.7370526315789573
0.0	0.5547994589192545	0.6379172932449406	0.5547994589192545	0.0	0.05632982894081029	0.6379172932449406	0.05632982894081029	0.0	0.8365812121211985	0.8309894736842236	0.8135631578947496
0.0	0.591715562608749	0.7234943061176288	0.591715562608749	0.0	0.14881890629693567	0.7234943061176288	0.14881890629693567	0.0	0.8247171717171599	0.7143894736842219	0.7213894736842218
0.0	0.5630797097534475	0.6857064449352783	0.5630797097534475	0.0	0.0927142117029956	0.6857064449352783	0.0927142117029956	0.0	0.731931717171706	0.7276368421052761	0.7860526315789624
0.0	0.545070534622272	0.7026460125457941	0.545070534622272	0.0	0.07394852969888517	0.7026460125457941	0.07394852969888517	0.0	0.7819385858585741	0.8681000000000104	0.8839578947368563
0.0	0.589175413327045	0.6739363122727923	0.589175413327045	0.0	0.07095447183728185	0.6739363122727923	0.07095447183728185	0.0	0.7036945454545407	0.7070421052631689	0.7553263157894891
0.0	0.505275137308455	0.7022760056904126	0.505275137308455	0.0	0.07475481628530777	0.7022760056904126	0.07475481628530777	0.0	0.8405630303030202	0.8130894736842232	0.7829210526315878
0.0	0.5227648338345582	0.5994721425079952	0.5227648338345582	0.0	0.06883410254256175	0.5994721425079952	0.06883410254256175	0.0	0.8633408080807956	0.7801473684210646	0.7878789473684309
0.0	0.5457662098440721	0.6471420642642902	0.5457662098440721	0.0	0.07841120592924233	0.6471420642642902	0.07841120592924233	0.0	0.8374480808080695	0.8149842105263253	0.765757894736854
0.0	0.6096802430561107	0.7064656972840438	0.6096802430561107	0.0	0.08113501072639079	0.7064656972840438	0.08113501072639079	0.0	0.7590680808080712	0.7372315789473775	0.7446000000000158
0.0	0.47405018826355255	0.5335116702318483	0.47405018826355255	0.0	0.09257028338107409	0.5335116702318483	0.09257028338107409	0.0	0.8631684848484754	0.7102894736842265	0.6947368421052683
0.0	0.6897427839609167	0.7775468200691079	0.6897427839609167	0.0	0.15533494531464415	0.7775468200691079	0.15533494531464415	0.0	0.7328311111110999	0.7179210526315943	0.7339263157894899
0.0	0.5549500133479467	0.6466898772557732	0.5549500133479467	0.0	0.0950332210049283	0.6466898772557732	0.0950332210049283	0.0	0.780547272727261	0.7658368421052778	0.777257894736854
0.0	0.5156022213617866	0.6508276262409353	0.5156022213617866	0.0	0.077789187646178	0.6508276262409353	0.077789187646178	0.0	0.7765715151515076	0.7279842105263259	0.6917368421052712
0.0	0.6691448507274955	0.7215439895102236	0.6691448507274955	0.0	0.08510108285488323	0.7215439895102236	0.08510108285488323	0.0	0.657140202020195	0.7553315789473809	0.7426578947368544
0.0	0.45928090002014776	0.6463638606030839	0.45928090002014776	0.0	0.160609982370031	0.6463638606030839	0.160609982370031	0.0	0.8395319191919097	0.8136631578947527	0.7805157894736915
0.0	0.6534323468742376	0.6461154366497456	0.6534323468742376	0.0	0.09184165006237821	0.6461154366497456	0.09184165006237821	0.0	0.841734747474731	0.8471000000000137	0.8355157894736953
0.0	0.539550089135676	0.6222700384181457	0.539550089135676	0.0	0.09058681115976591	0.6222700384181457	0.09058681115976591	0.0	0.9392224242424132	0.8784631578947502	0.8563368421052749
0.0	0.6664803235984214	0.7471550648092588	0.6664803235984214	0.0	0.108935850543685	0.7471550648092588	0.108935850543685	0.0	0.7779123232323099	0.8537421052631619	0.8557526315789593
0.0	0.6240041544878502	0.64580170095694	0.6240041544878502	0.0	0.10128647074666769	0.64580170095694	0.10128647074666769	0.0	0.7817907070706961	0.7630526315789535	0.7805421052631684
0.0	0.4339394044690043	0.5543323109945094	0.4339394044690043	0.0	0.11777582000539007	0.5543323109945094	0.11777582000539007	0.0	0.8634103030302988	0.7650894736842245	0.7105105263158024
0.0	0.5627121056886704	0.6973646640286797	0.5627121056886704	0.0	0.12307028022306178	0.6973646640286797	0.12307028022306178	0.0	0.8166840404040346	0.6844421052631656	0.6990421052631742
0.0	0.5355209106326088	0.5792946658837815	0.5355209106326088	0.0	0.08330823780841018	0.5792946658837815	0.08330823780841018	0.0	0.8406503030302883	0.7322947368421128	0.7847157894737049
0.0	0.4923258952101039	0.6205260493666224	0.4923258952101039	0.0	0.10021452040656101	0.6205260493666224	0.10021452040656101	0.0	0.8427563636363528	0.8685789473684353	0.8758263157894897
0.0	0.590669501873151	0.7184064419117245	0.590669501873151	0.0	0.15682758122479679	0.7184064419117245	0.15682758122479679	0.0	0.737969898989885	0.6827526315789602	0.7743789473684322
0.0	0.4303925373037488	0.5407316350869663	0.4303925373037488	0.0	0.08448994722198516	0.5407316350869663	0.08448994722198516	0.0	0.8658012121212089	0.6856526315789565	0.7483578947368478
0.0	0.5743842044065033	0.5923468668071818	0.5743842044065033	0.0	0.07279120005398525	0.5923468668071818	0.07279120005398525	0.0	0.7644517171717058	0.6542210526315864	0.7491368421052769
0.0	0.6392948075508359	0.7408027531252943	0.6392948075508359	0.0	0.07230612789831857	0.7408027531252943	0.07230612789831857	0.0	0.7767723232323168	0.7051368421052789	0.7337526315789524
0.0	0.5321040421176858	0.7628857153006201	0.5321040421176858	0.0	0.12690651650399248	0.7628857153006201	0.12690651650399248	0.0	0.7935377777777722	0.7752421052631621	0.67815263157896
0.0	0.520131138559059	0.5828318111807934	0.520131138559059	0.0	0.051668804702568495	0.5828318111807934	0.051668804702568495	0.0	0.8008258585858459	0.8210842105263302	0.7995210526315955
0.0	0.7537273322066534	0.7337571193567493	0.7537273322066534	0.0	0.0701417764046014	0.7337571193567493	0.0701417764046014	0.0	0.6892149494949429	0.853400000000017	0.9199631578947554
0.0	0.5578461841608369	0.6651655355527016	0.5578461841608369	0.0	0.11718313123417731	0.6651655355527016	0.11718313123417731	0.0	0.7943341414141336	0.8608421052631692	0.910478947368433
0.0	0.5723492485485099	0.6287144074203942	0.5723492485485099	0.0	0.11025429748540425	0.6287144074203942	0.11025429748540425	0.0	0.7754648484848398	0.7199421052631708	0.7619526315789633
0.0	0.49190463935207945	0.6204649634594975	0.49190463935207945	0.0	0.15778314276883554	0.6204649634594975	0.15778314276883554	0.0	0.8475521212121082	0.6697526315789527	0.6927736842105325
0.0	0.6515944490438583	0.7991323408286046	0.6515944490438583	0.0	0.10995080926222844	0.7991323408286046	0.10995080926222844	0.0	0.7331096969696864	0.9084736842105424	0.8901105263157979
0.0	0.559107282515961	0.6296170715607733	0.559107282515961	0.0	0.13562262292386756	0.6296170715607733	0.13562262292386756	0.0	0.7741648484848365	0.7769894736842294	0.761831578947383
0.0	0.650176536139826	0.8380611028742895	0.650176536139826	0.0	0.11390454264309842	0.8380611028742895	0.11390454264309842	0.0	0.7571892929292803	0.8034473684210535	0.7282368421052732
0.0	0.5533393433946097	0.6551297290717776	0.5533393433946097	0.0	0.060140967705071345	0.6551297290717776	0.060140967705071345	0.0	0.7024787878787844	0.6873578947368568	0.648521052631585
0.0	0.5569377019230749	0.6816042935583279	0.5569377019230749	0.0	0.06805965318491608	0.6816042935583279	0.06805965318491608	0.0	0.7307672727272659	0.8414947368421124	0.8496842105263303
0.0	0.6836418070846468	0.8215342566529475	0.6836418070846468	0.0	0.12291837852640386	0.8215342566529475	0.12291837852640386	0.0	0.6206707070706972	0.7326052631579049	0.7277947368421176
0.0	0.6366193762715993	0.8062829881265936	0.6366193762715993	0.0	0.15490687436501824	0.8062829881265936	0.15490687436501824	0.0	0.7035751515151456	0.7257736842105398	0.750726315789483
0.0	0.6365075345189801	0.7551076503270596	0.6365075345189801	0.0	0.08771505025232058	0.7551076503270596	0.08771505025232058	0.0	0.7368583838383739	0.7970789473684383	0.7744631578947527
0.0	0.475851362010945	0.6084676943567637	0.475851362010945	0.0	0.08456634338829716	0.6084676943567637	0.08456634338829716	0.0	0.8320478787878803	0.8536842105263271	0.8188736842105266
0.0	0.6464683955518485	0.8544032695433085	0.6464683955518485	0.0	0.1381933838023791	0.8544032695433085	0.1381933838023791	0.0	0.7101999999999928	0.8062421052631685	0.7823631578947529
0.0	0.6527938901902569	0.8522447587016078	0.6527938901902569	0.0	0.0924316083678794	0.8522447587016078	0.0924316083678794	0.0	0.714944848484834	0.7989789473684289	0.7545736842105454
0.0	0.5111777514834236	0.5844376826302682	0.5111777514834236	0.0	0.07484814650962482	0.5844376826302682	0.07484814650962482	0.0	0.8256935353535263	0.7537421052631674	0.7452789473684329
0.0	0.6162840207271055	0.6835877366977611	0.6162840207271055	0.0	0.06436977206813926	0.6835877366977611	0.06436977206813926	0.0	0.7160759595959492	0.7868789473684319	0.7502842105263302
0.0	0.6325726569080742	0.6846553602920735	0.6325726569080742	0.0	0.09628083425113058	0.6846553602920735	0.09628083425113058	0.0	0.768265656565649	0.7219736842105335	0.7833157894736975
0.0	0.466811910279243	0.578633119319925	0.466811910279243	0.0	0.09253738311520314	0.578633119319925	0.09253738311520314	0.0	0.821783232323218	0.7663263157894875	0.8119263157894857
0.0	0.5882012957931612	0.7071283696428844	0.5882012957931612	0.0	0.14430464975516508	0.7071283696428844	0.14430464975516508	0.0	0.7483286868686798	0.7427631578947544	0.7268105263157983
0.0	0.5355468329879823	0.6526963417650314	0.5355468329879823	0.0	0.12177084903574376	0.6526963417650314	0.12177084903574376	0.0	0.7329018181818141	0.7832421052631651	0.7180894736842209
0.0	0.5104555286062754	0.6091933710091048	0.5104555286062754	0.0	0.09387419158129874	0.6091933710091048	0.09387419158129874	0.0	0.8087957575757417	0.8909894736842237	0.861131578947379
0.0	0.4589652760426407	0.5885166119345568	0.4589652760426407	0.0	0.06601909506017352	0.5885166119345568	0.06601909506017352	0.0	0.8550769696969575	0.8241473684210596	0.7607210526315895
0.0	0.5163603431605641	0.585902966804818	0.5163603431605641	0.0	0.061172945364004354	0.585902966804818	0.061172945364004354	0.0	0.8085105050504932	0.7130526315789657	0.7079315789473811
0.0	0.5637160293351999	0.6331696843862171	0.5637160293351999	0.0	0.07822723484057925	0.6331696843862171	0.07822723484057925	0.0	0.7945987878787814	0.6917631578947484	0.72267894736843
0.0	0.569968797707168	0.6672024646192013	0.569968797707168	0.0	0.09534986154516098	0.6672024646192013	0.09534986154516098	0.0	0.7941171717171648	0.808721052631586	0.8163578947368487
0.0	0.6267232716191208	0.7649623401005874	0.6267232716191208	0.0	0.15317604418360745	0.7649623401005874	0.15317604418360745	0.0	0.6843709090909007	0.7634315789473796	0.7613052631579039
0.0	0.6901598899558415	0.6818465527549268	0.6901598899558415	0.0	0.12950526910173873	0.6818465527549268	0.12950526910173873	0.0	0.721037979797972	0.7399894736842231	0.8072631578947419
0.0	0.5432140949192762	0.7040883374254325	0.5432140949192762	0.0	0.14640195450366358	0.7040883374254325	0.14640195450366358	0.0	0.7746529292929213	0.677721052631589	0.6450000000000053
0.0	0.45346543948489715	0.6248754166806956	0.45346543948489715	0.0	0.13623157117685467	0.6248754166806956	0.13623157117685467	0.0	0.7792098989898868	0.7554368421052693	0.7560684210526405
0.0	0.6027739956058018	0.6850323924659385	0.6027739956058018	0.0	0.08115941571057281	0.6850323924659385	0.08115941571057281	0.0	0.6969123232323103	0.8191105263157972	0.8466105263158024
0.0	0.636917646653048	0.7205123555704687	0.636917646653048	0.0	0.10143422057785206	0.7205123555704687	0.10143422057785206	0.0	0.683907070707059	0.6542421052631718	0.7512526315789608
0.0	0.5172109754540951	0.5393933773840409	0.5172109754540951	0.0	0.0891116025377525	0.5393933773840409	0.0891116025377525	0.0	0.8922965656565507	0.7515684210526472	0.774005263157907
0.0	0.475041093317719	0.6106830935108847	0.475041093317719	0.0	0.08603475542876615	0.6106830935108847	0.08603475542876615	0.0	0.8804579797979751	0.8641157894736976	0.8298263157894828
0.0	0.6602733429595565	0.7447879315000134	0.6602733429595565	0.0	0.10084530014535997	0.7447879315000134	0.10084530014535997	0.0	0.7056450505050399	0.732900000000011	0.7514684210526362
0.0	0.6444612174460759	0.6607054774253662	0.6444612174460759	0.0	0.11364253555347252	0.6607054774253662	0.11364253555347252	0.0	0.8010498989898905	0.7031789473684334	0.6961210526315821
0.0	0.4749132983990766	0.5964898448525654	0.4749132983990766	0.0	0.10754127458439984	0.5964898448525654	0.10754127458439984	0.0	0.8500165656565588	0.7578894736842187	0.8255368421052788
0.0	0.44403031205440346	0.4918770073303017	0.44403031205440346	0.0	0.056943785578724926	0.4918770073303017	0.056943785578724926	0.0	0.9570903030302905	0.8640473684210603	0.8223526315789529
0.0	0.5393779501628497	0.6057338480430917	0.5393779501628497	0.0	0.07469096400012018	0.6057338480430917	0.07469096400012018	0.0	0.8294634343434247	0.7645947368421113	0.7690368421052727
0.0	0.5874215171985603	0.735619259264748	0.5874215171985603	0.0	0.1118798929340069	0.735619259264748	0.1118798929340069	0.0	0.6497701010100881	0.6380894736842249	0.669515789473702
0.0	0.5119898227634683	0.7243240230273711	0.5119898227634683	0.0	0.15825408991830192	0.7243240230273711	0.15825408991830192	0.0	0.8631078787878729	0.8804210526315897	0.8774315789473762
0.0	0.6033034797024658	0.7007063155766302	0.6033034797024658	0.0	0.10415975576714111	0.7007063155766302	0.10415975576714111	0.0	0.7289040404040318	0.7833000000000163	0.8096578947368566
0.0	0.5675565078901369	0.6979330283297424	0.5675565078901369	0.0	0.11795263149185653	0.6979330283297424	0.11795263149185653	0.0	0.7212757575757532	0.6900315789473784	0.5824105263157986
0.0	0.4675978216338453	0.6125443813582448	0.4675978216338453	0.0	0.09945932329617142	0.6125443813582448	0.09945932329617142	0.0	0.8353402020201947	0.7827052631579086	0.6589578947368558
0.0	0.5296933027428028	0.6610125642058534	0.5296933027428028	0.0	0.10912322912420284	0.6610125642058534	0.10912322912420284	0.0	0.7339254545454448	0.6665578947368548	0.7028210526315873
0.0	0.5816489151285948	0.6847014518608668	0.5816489151285948	0.0	0.088836302271266	0.6847014518608668	0.088836302271266	0.0	0.7885408080807972	0.7997105263158027	0.8439157894736937
0.0	0.5919712827492537	0.7308996310652713	0.5919712827492537	0.0	0.09841220870916131	0.7308996310652713	0.09841220870916131	0.0	0.788166262626253	0.8149631578947595	0.6862947368421127
0.0	0.6568359188357406	0.8151546986808899	0.6568359188357406	0.0	0.08950628505252481	0.8151546986808899	0.08950628505252481	0.0	0.7281826262626179	0.7881473684210623	0.7752947368421151
0.0	0.5408435857269607	0.6692084490660002	0.5408435857269607	0.0	0.054939005149455176	0.6692084490660002	0.054939005149455176	0.0	0.832043636363626	0.8368473684210672	0.7310157894736989
0.0	0.5198892259013883	0.6365166410958198	0.5198892259013883	0.0	0.07082549917903738	0.6365166410958198	0.07082549917903738	0.0	0.8088072727272633	0.7895315789473822	0.8004473684210636
0.0	0.5036757302584524	0.6325776874322206	0.5036757302584524	0.0	0.1359563346364184	0.6325776874322206	0.1359563346364184	0.0	0.815416161616155	0.7538157894736967	0.7957684210526498
0.0	0.5067042996444087	0.5490651836383948	0.5067042996444087	0.0	0.17000288986369186	0.5490651836383948	0.17000288986369186	0.0	0.8888357575757464	0.7750368421052717	0.8458736842105326
0.0	0.5615799507152746	0.7097650922651079	0.5615799507152746	0.0	0.08763221304557157	0.7097650922651079	0.08763221304557157	0.0	0.8374731313131184	0.8236842105263176	0.7293315789473758
0.0	0.5594679445442589	0.6782840620070679	0.5594679445442589	0.0	0.09177868541148404	0.6782840620070679	0.09177868541148404	0.0	0.7528103030302917	0.8409473684210667	0.8497157894737001
0.0	0.6397082666059664	0.742959118649796	0.6397082666059664	0.0	0.09524879333629462	0.742959118649796	0.09524879333629462	0.0	0.7709127272727152	0.7727789473684262	0.7898157894736947
0.0	0.566245501426781	0.7312929504277952	0.566245501426781	0.0	0.10687396092766863	0.7312929504277952	0.10687396092766863	0.0	0.7595535353535258	0.8625421052631693	0.789994736842118
0.0	0.6522847071036526	0.713093548125221	0.6522847071036526	0.0	0.09626667699972338	0.713093548125221	0.09626667699972338	0.0	0.7190751515151399	0.8758315789473807	0.8899157894736945
0.0	0.5341177660144413	0.615594366791714	0.5341177660144413	0.0	0.11680327310846281	0.615594366791714	0.11680327310846281	0.0	0.80591959595959	0.7507157894736955	0.7955368421052786
0.0	0.5331467624356788	0.6364226922770215	0.5331467624356788	0.0	0.08515713849822142	0.6364226922770215	0.08515713849822142	0.0	0.7237696969696874	0.6513263157894843	0.6768684210526416
0.0	0.528633210275998	0.620259588534525	0.528633210275998	0.0	0.08140097120330843	0.620259588534525	0.08140097120330843	0.0	0.7784012121212017	0.7605578947368611	0.7589894736842236
0.0	0.6528966194456761	0.7650635566340466	0.6528966194456761	0.0	0.060569262475488245	0.7650635566340466	0.060569262475488245	0.0	0.6638163636363571	0.6676631578947535	0.6833000000000056
0.0	0.5562683443991139	0.6003195489593215	0.5562683443991139	0.0	0.08110340026672593	0.6003195489593215	0.08110340026672593	0.0	0.8105884848484737	0.8896684210526423	0.8190210526315899
0.0	0.5526958032089545	0.620790293987256	0.5526958032089545	0.0	0.07312152329872969	0.620790293987256	0.07312152329872969	0.0	0.8516802020201856	0.7586210526315905	0.7959000000000153
0.0	0.48126094484151843	0.5734816465219076	0.48126094484151843	0.0	0.12953411193378916	0.5734816465219076	0.12953411193378916	0.0	0.8680531313131227	0.7071210526315947	0.7408210526315893
0.0	0.51687641810946	0.6298313816290252	0.51687641810946	0.0	0.09253579407989218	0.6298313816290252	0.09253579407989218	0.0	0.7868799999999895	0.7663368421052812	0.8261052631579096
0.0	0.5526882883298615	0.636745976073347	0.5526882883298615	0.0	0.04695526450075325	0.636745976073347	0.04695526450075325	0.0	0.8230072727272627	0.8245842105263241	0.7844052631579027
0.0	0.6615104320757775	0.8133748184932916	0.6615104320757775	0.0	0.1811313790900417	0.8133748184932916	0.1811313790900417	0.0	0.7023242424242295	0.7930789473684363	0.6899736842105323
0.0	0.5890946684067084	0.5674896767255174	0.5890946684067084	0.0	0.06562108704917927	0.5674896767255174	0.06562108704917927	0.0	0.8027327272727199	0.7431789473684329	0.8246578947368494
0.0	0.6932388927322352	0.9010407207718065	0.6932388927322352	0.0	0.1226210032177181	0.9010407207718065	0.1226210032177181	0.0	0.6981559595959452	0.8662210526315897	0.8446947368421165
0.0	0.5502800554992215	0.6069650350998732	0.5502800554992215	0.0	0.08957024929380032	0.6069650350998732	0.08957024929380032	0.0	0.7243333333333252	0.8043736842105332	0.7309105263157938
0.0	0.5938163620083808	0.7424452012279444	0.5938163620083808	0.0	0.07136558578229334	0.7424452012279444	0.07136558578229334	0.0	0.7525939393939292	0.8637578947368563	0.799110526315807
0.0	0.49869973900687925	0.5992006670392581	0.49869973900687925	0.0	0.10745666784574402	0.5992006670392581	0.10745666784574402	0.0	0.8758404040403995	0.7166947368421184	0.6968052631579006
0.0	0.7693204252017264	0.7964154421413396	0.7693204252017264	0.0	0.12034398018099024	0.7964154421413396	0.12034398018099024	0.0	0.7044428282828176	0.7722789473684281	0.814715789473698
0.0	0.5556084473839703	0.7155295475577222	0.5556084473839703	0.0	0.11715524586747389	0.7155295475577222	0.11715524586747389	0.0	0.7497957575757457	0.6714526315789622	0.7183631578947475
0.0	0.6062505922664397	0.8227298804779385	0.6062505922664397	0.0	0.12203122105648974	0.8227298804779385	0.12203122105648974	0.0	0.788200202020189	0.8077736842105456	0.7549368421052712
0.0	0.4104040255394149	0.5648425112562173	0.4104040255394149	0.0	0.1035839793621624	0.5648425112562173	0.1035839793621624	0.0	0.9313987878787772	0.8310578947368495	0.7684578947368513
0.0	0.6093780610901897	0.7255902810629253	0.6093780610901897	0.0	0.08139835715670225	0.7255902810629253	0.08139835715670225	0.0	0.7763985858585737	0.7687473684210601	0.7773526315789602
0.0	0.5638309318770581	0.6239242892663	0.5638309318770581	0.0	0.0895180259332122	0.6239242892663	0.0895180259332122	0.0	0.7836830303030187	0.6565736842105345	0.6703157894736895
0.0	0.48638942087438564	0.5616160226849393	0.48638942087438564	0.0	0.08236393885755589	0.5616160226849393	0.08236393885755589	0.0	0.9129486868686779	0.8034157894736934	0.7814947368421181
0.0	0.5718408854498558	0.7381668398879421	0.5718408854498558	0.0	0.12576307356381852	0.7381668398879421	0.12576307356381852	0.0	0.7902244444444373	0.7247736842105453	0.7648736842105478
0.0	0.7333225907041172	0.7377493309154715	0.7333225907041172	0.0	0.11638772426558013	0.7377493309154715	0.11638772426558013	0.0	0.7176424242424114	0.741563157894749	0.8050052631579019
0.0	0.6186518725324839	0.8022298851637781	0.6186518725324839	0.0	0.10178052746675977	0.8022298851637781	0.10178052746675977	0.0	0.7804406060605963	0.7475210526315846	0.6604000000000134
