population in sample
0	0	1

generation in sample
0.0	1000.0	1000.0

expected_linearlized_fst_array
0.0	0.025	0.07495	0.025	0.0	0.04995	0.07495	0.04995	0.0	

mean_pi_array
0.9522335212121105	0.9540517777778095	0.3713922222222197

median_pi_array
0.9492852525252409	0.9534555555555873	0.3714333333333309

std_pi_array
0.02209786155443192	0.02246599626541405	0.03596716614831809

mean_linearlized_fst_array
0.0	0.02708245493689646	0.558198491135133	0.02708245493689646	0.0	0.5188876203748185	0.558198491135133	0.5188876203748185	0.0

median_linearlized_fst_array
0.0	0.02683880603598486	0.5576484690048404	0.02683880603598486	0.0	0.5133169478373841	0.5576484690048404	0.5133169478373841	0.0

std_linearlized_fst_array
0.0	0.004289254224580961	0.044563563564946514	0.004289254224580961	0.0	0.04496242105663806	0.044563563564946514	0.04496242105663806	0.0

linearlized_fst_array		pi_array
0.0	0.03634487386339619	0.5252979574561566	0.03634487386339619	0.0	0.5021313116864351	0.5252979574561566	0.5021313116864351	0.0	0.9867337373737233	0.9930666666667005	0.4051333333333293
0.0	0.01950905902978226	0.5276255022117383	0.01950905902978226	0.0	0.4784581238984161	0.5276255022117383	0.4784581238984161	0.0	0.9400101010100922	0.9576444444444754	0.40404444444444165
0.0	0.025071004792867963	0.6012780305996158	0.025071004792867963	0.0	0.5642845479779991	0.6012780305996158	0.5642845479779991	0.0	0.8981769696969556	0.9114888888889199	0.313377777777776
0.0	0.026438353839600037	0.47200642130359816	0.026438353839600037	0.0	0.41717290268061546	0.47200642130359816	0.41717290268061546	0.0	0.9780333333333231	0.9861333333333652	0.43393333333333073
0.0	0.0268277553863997	0.5339712988495375	0.0268277553863997	0.0	0.500307834894562	0.5339712988495375	0.500307834894562	0.0	0.9463040404040294	0.9325777777778081	0.41013333333332924
0.0	0.029174199069570018	0.6442231695321826	0.029174199069570018	0.0	0.5861354861354716	0.6442231695321826	0.5861354861354716	0.0	0.9576561616161519	0.9742888888889203	0.29193333333333044
0.0	0.029340286825048027	0.5563761311227415	0.029340286825048027	0.0	0.5097595473832993	0.5563761311227415	0.5097595473832993	0.0	0.9362185858585744	0.9400666666666979	0.36395555555555403
0.0	0.031326189799737746	0.4749301479472095	0.031326189799737746	0.0	0.4325176097093037	0.4749301479472095	0.4325176097093037	0.0	0.953602626262613	0.9457111111111404	0.39824444444444057
0.0	0.026021358356497024	0.5550756785144635	0.026021358356497024	0.0	0.492588835809169	0.5550756785144635	0.492588835809169	0.0	0.96065878787878	0.9722444444444736	0.3860666666666629
0.0	0.02485428921638138	0.525098968284282	0.02485428921638138	0.0	0.49167712396132174	0.525098968284282	0.49167712396132174	0.0	0.9462999999999865	0.9482444444444755	0.3621999999999981
0.0	0.02758572652980678	0.5899460563871068	0.02758572652980678	0.0	0.5554317452651012	0.5899460563871068	0.5554317452651012	0.0	0.9408977777777676	0.9414444444444756	0.346866666666665
0.0	0.03067315729332002	0.6233310794471566	0.03067315729332002	0.0	0.5872062309515567	0.6233310794471566	0.5872062309515567	0.0	0.9675696969696853	0.9684000000000339	0.34404444444444016
0.0	0.027861385629026035	0.5618438579847713	0.027861385629026035	0.0	0.5334645148488544	0.5618438579847713	0.5334645148488544	0.0	0.9992866666666538	0.9869111111111404	0.35699999999999776
0.0	0.028067276984063683	0.5242070864183209	0.028067276984063683	0.0	0.5132704998313957	0.5242070864183209	0.5132704998313957	0.0	0.987259191919182	0.9912222222222571	0.3927999999999963
0.0	0.03215793912062953	0.6078964445660029	0.03215793912062953	0.0	0.5753618322229305	0.6078964445660029	0.5753618322229305	0.0	0.9355406060605951	0.9316000000000293	0.3258888888888856
0.0	0.03790492221161595	0.5285863865798357	0.03790492221161595	0.0	0.4900941962929119	0.5285863865798357	0.4900941962929119	0.0	0.9465642424242314	0.9264666666666955	0.38993333333333063
0.0	0.026428237115292415	0.5434695397862442	0.026428237115292415	0.0	0.48198276569551524	0.5434695397862442	0.48198276569551524	0.0	0.9490002020201933	0.9532000000000296	0.40068888888888704
0.0	0.022501493873883196	0.48451710695014044	0.022501493873883196	0.0	0.42867917199409344	0.48451710695014044	0.42867917199409344	0.0	0.9329101010100909	0.9485111111111463	0.42453333333332943
0.0	0.024284195426310527	0.6032406993842158	0.024284195426310527	0.0	0.5860562157831244	0.6032406993842158	0.5860562157831244	0.0	0.9654185858585731	0.9715555555555906	0.3598222222222201
0.0	0.023366329339905022	0.5487917302854963	0.023366329339905022	0.0	0.5022814814814653	0.5487917302854963	0.5022814814814653	0.0	0.9458650505050387	0.9518444444444766	0.3981555555555531
0.0	0.027572464743260392	0.5531845582871608	0.027572464743260392	0.0	0.5305114812259625	0.5531845582871608	0.5305114812259625	0.0	0.9933793939393838	0.9731777777778104	0.379755555555553
0.0	0.02973635981718667	0.6009110904625509	0.02973635981718667	0.0	0.5772803138496344	0.6009110904625509	0.5772803138496344	0.0	0.9221042424242335	0.9273555555555837	0.3641333333333307
0.0	0.03035437657203663	0.5359490048935668	0.03035437657203663	0.0	0.4885813148788815	0.5359490048935668	0.4885813148788815	0.0	0.9461141414141317	0.9658222222222541	0.3635777777777755
0.0	0.026955395038867853	0.5181095809891106	0.026955395038867853	0.0	0.4965013021043797	0.5181095809891106	0.4965013021043797	0.0	0.9620381818181746	0.9618000000000313	0.4120444444444425
0.0	0.023198635923760747	0.6060019098215531	0.023198635923760747	0.0	0.5497576285963283	0.6060019098215531	0.5497576285963283	0.0	0.9178236363636232	0.9379333333333622	0.3365111111111075
0.0	0.02051016038929688	0.5374339057033339	0.02051016038929688	0.0	0.47550312951371176	0.5374339057033339	0.47550312951371176	0.0	0.9668090909090795	0.9699555555555908	0.4147111111111079
0.0	0.026030881297528643	0.528345874779272	0.026030881297528643	0.0	0.48315426910192666	0.528345874779272	0.48315426910192666	0.0	0.9900874747474652	0.9868666666666985	0.4196222222222172
0.0	0.0286085923644618	0.4824565503256256	0.0286085923644618	0.0	0.462651036379702	0.4824565503256256	0.462651036379702	0.0	0.9430034343434212	0.9300666666666962	0.42722222222221734
0.0	0.022623040797603942	0.4546257834688262	0.022623040797603942	0.0	0.4204223152370743	0.4546257834688262	0.4204223152370743	0.0	0.972547474747464	0.9855777777778126	0.43726666666666275
0.0	0.024307024617311702	0.6118801411000394	0.024307024617311702	0.0	0.5537401267250982	0.6118801411000394	0.5537401267250982	0.0	0.9559458585858448	0.9626000000000345	0.3175111111111098
0.0	0.028079861578633313	0.5358903852484616	0.028079861578633313	0.0	0.4854482655053189	0.5358903852484616	0.4854482655053189	0.0	0.9503909090908941	0.9474888888889179	0.38431111111111
0.0	0.02669986882617171	0.6083371933191989	0.02669986882617171	0.0	0.5573002754820793	0.6083371933191989	0.5573002754820793	0.0	0.9396216161616067	0.957622222222254	0.34917777777777464
0.0	0.027114642178606884	0.5176704126293792	0.027114642178606884	0.0	0.4865708891946246	0.5176704126293792	0.4865708891946246	0.0	0.973489696969684	0.9675555555555873	0.42146666666666455
0.0	0.02809094721484915	0.5319711877330923	0.02809094721484915	0.0	0.48528107705749124	0.5319711877330923	0.48528107705749124	0.0	0.9656979797979689	0.9732666666666999	0.4000222222222212
0.0	0.02664424092537608	0.5699672806859782	0.02664424092537608	0.0	0.5160162347798827	0.5699672806859782	0.5160162347798827	0.0	0.9232698989898906	0.9423111111111443	0.33888888888888635
0.0	0.03036357081729197	0.5056795756704291	0.03036357081729197	0.0	0.47803510842306157	0.5056795756704291	0.47803510842306157	0.0	0.963461212121199	0.9480000000000286	0.40779999999999644
0.0	0.027618810905732774	0.5802613819103138	0.027618810905732774	0.0	0.5213086128087766	0.5802613819103138	0.5213086128087766	0.0	0.9302412121212044	0.9522000000000332	0.3458666666666649
0.0	0.0201690244135316	0.5817387381739666	0.0201690244135316	0.0	0.5477093152203905	0.5817387381739666	0.5477093152203905	0.0	0.9322557575757459	0.932133333333363	0.35035555555555314
0.0	0.025410977553907362	0.5119244577824413	0.025410977553907362	0.0	0.4667996011963964	0.5119244577824413	0.4667996011963964	0.0	0.9589080808080676	0.9590000000000334	0.3783333333333315
0.0	0.03451879530881015	0.578748673282666	0.03451879530881015	0.0	0.5573500643273671	0.578748673282666	0.5573500643273671	0.0	0.9180721212121113	0.9016222222222521	0.3592888888888866
0.0	0.024185104696686964	0.5275578091362231	0.024185104696686964	0.0	0.48284345947974566	0.5275578091362231	0.48284345947974566	0.0	0.9941248484848352	1.0058222222222564	0.41404444444444233
0.0	0.033235686384563014	0.6090872224278456	0.033235686384563014	0.0	0.5711062845932754	0.6090872224278456	0.5711062845932754	0.0	0.9668298989898914	0.956266666666694	0.31244444444444214
0.0	0.04459321701854598	0.5523854879356842	0.04459321701854598	0.0	0.5658939216385442	0.5523854879356842	0.5658939216385442	0.0	0.9485488888888788	0.945800000000029	0.3626666666666644
0.0	0.03329001155280651	0.5294564631675222	0.03329001155280651	0.0	0.5036238007655072	0.5294564631675222	0.5036238007655072	0.0	0.9380434343434264	0.942644444444479	0.3984888888888858
0.0	0.02296287319814725	0.5513174600861306	0.02296287319814725	0.0	0.48988163292755255	0.5513174600861306	0.48988163292755255	0.0	0.9476238383838292	0.9661777777778097	0.355511111111108
0.0	0.024253163118148263	0.5864980095679091	0.024253163118148263	0.0	0.541832792458649	0.5864980095679091	0.541832792458649	0.0	0.938827474747462	0.9380444444444729	0.3561555555555537
0.0	0.03153561766559898	0.5817128531987841	0.03153561766559898	0.0	0.5549179238386243	0.5817128531987841	0.5549179238386243	0.0	0.9646339393939276	0.9592666666667006	0.37824444444444005
0.0	0.021152321687954046	0.5601267148624306	0.021152321687954046	0.0	0.5461578928909494	0.5601267148624306	0.5461578928909494	0.0	0.9451680808080691	0.9355777777778083	0.33166666666666383
0.0	0.02428846447364581	0.5789951940734129	0.02428846447364581	0.0	0.5251161645184951	0.5789951940734129	0.5251161645184951	0.0	0.9713725252525122	0.984888888888922	0.36855555555555247
0.0	0.030045165327313234	0.6487214890076086	0.030045165327313234	0.0	0.6364407701511843	0.6487214890076086	0.6364407701511843	0.0	0.9396385858585762	0.9209555555555852	0.3047777777777766
0.0	0.02819290379790895	0.5440873483059394	0.02819290379790895	0.0	0.5068166146773824	0.5440873483059394	0.5068166146773824	0.0	0.9697004040403937	0.9637111111111425	0.3898444444444418
0.0	0.026145572309230695	0.6425851779053978	0.026145572309230695	0.0	0.5914287740699858	0.6425851779053978	0.5914287740699858	0.0	0.9043187878787756	0.932044444444475	0.32124444444444344
0.0	0.02893293356155716	0.6237699601822382	0.02893293356155716	0.0	0.6105487732606206	0.6237699601822382	0.6105487732606206	0.0	1.0053818181818068	0.9890222222222516	0.3233999999999975
0.0	0.030719094701007893	0.5630825383974642	0.030719094701007893	0.0	0.5605217918899627	0.5630825383974642	0.5605217918899627	0.0	0.990612727272717	0.9751333333333666	0.34339999999999815
0.0	0.0301552643342303	0.5922944773085547	0.0301552643342303	0.0	0.5220841011894685	0.5922944773085547	0.5220841011894685	0.0	0.9466826262626151	0.9554888888889187	0.3709555555555529
0.0	0.027267401326473317	0.5345077488646613	0.027267401326473317	0.0	0.49033163947578384	0.5345077488646613	0.49033163947578384	0.0	0.9470438383838289	0.96917777777781	0.3602444444444423
0.0	0.021907648643703783	0.5743349808101907	0.021907648643703783	0.0	0.5562164882264015	0.5743349808101907	0.5562164882264015	0.0	0.9315923232323128	0.9282000000000313	0.3524444444444421
0.0	0.019576469828963827	0.5423759037970166	0.019576469828963827	0.0	0.5089302691538379	0.5423759037970166	0.5089302691538379	0.0	0.9707365656565508	0.9826000000000356	0.37308888888888736
0.0	0.021222945918259545	0.5919845520312411	0.021222945918259545	0.0	0.5386330827816145	0.5919845520312411	0.5386330827816145	0.0	0.9601680808080725	0.9798666666666996	0.35939999999999583
0.0	0.023127082846106744	0.5414641036713337	0.023127082846106744	0.0	0.491627748035071	0.5414641036713337	0.491627748035071	0.0	0.9566103030302927	0.9706888888889232	0.3949333333333304
0.0	0.028995259596205233	0.5117475939495336	0.028995259596205233	0.0	0.4929900950608151	0.5117475939495336	0.4929900950608151	0.0	0.9347646464646371	0.9401555555555838	0.39699999999999863
0.0	0.03318044534270793	0.5998199104582498	0.03318044534270793	0.0	0.5626439860701717	0.5998199104582498	0.5626439860701717	0.0	0.9665333333333238	0.9685555555555875	0.35873333333333085
0.0	0.03228646895712553	0.5717049672747037	0.03228646895712553	0.0	0.5495204442200765	0.5717049672747037	0.5495204442200765	0.0	0.9182393939393838	0.9254000000000315	0.39526666666666427
0.0	0.0270671983395812	0.6716174394270554	0.0270671983395812	0.0	0.5833537331701241	0.6716174394270554	0.5833537331701241	0.0	0.922673939393927	0.9387777777778072	0.2594888888888874
0.0	0.024497160453939897	0.5641978465531485	0.024497160453939897	0.0	0.5133633958433725	0.5641978465531485	0.5133633958433725	0.0	0.9589975757575657	0.9719555555555901	0.3635333333333304
0.0	0.026628735318366938	0.6443658048437005	0.026628735318366938	0.0	0.5883749175833553	0.6443658048437005	0.5883749175833553	0.0	0.9524705050504919	0.9441333333333634	0.3366222222222197
0.0	0.019285946876858244	0.6122255971534928	0.019285946876858244	0.0	0.573636181975608	0.6122255971534928	0.573636181975608	0.0	0.9744569696969606	0.9835333333333646	0.3509555555555519
0.0	0.030876373457765432	0.5009003572888188	0.030876373457765432	0.0	0.47898292000384746	0.5009003572888188	0.47898292000384746	0.0	0.9584416161616028	0.9641555555555874	0.41757777777777544
0.0	0.02712625563446368	0.6370486071828583	0.02712625563446368	0.0	0.5965464665576585	0.6370486071828583	0.5965464665576585	0.0	0.9318799999999886	0.9237555555555848	0.2859555555555541
0.0	0.02582578965081335	0.47953044754216767	0.02582578965081335	0.0	0.443781881849856	0.47953044754216767	0.443781881849856	0.0	0.9396111111111008	0.942022222222252	0.37795555555555194
0.0	0.025886230647673952	0.4999175627389325	0.025886230647673952	0.0	0.4804535959414983	0.4999175627389325	0.4804535959414983	0.0	0.9620052525252409	0.9452666666666981	0.39513333333332984
0.0	0.03493854087744235	0.5051895947422694	0.03493854087744235	0.0	0.4739478856912347	0.5051895947422694	0.4739478856912347	0.0	0.9441270707070603	0.9354666666666971	0.3872666666666651
0.0	0.02455809433052142	0.49797892365475727	0.02455809433052142	0.0	0.48478154231295173	0.49797892365475727	0.48478154231295173	0.0	0.9331913131313034	0.9201111111111384	0.3936444444444421
0.0	0.035735904386306576	0.5249679933292243	0.035735904386306576	0.0	0.49554358080556454	0.5249679933292243	0.49554358080556454	0.0	0.9401551515151417	0.9397333333333595	0.45002222222222005
0.0	0.03002251757466603	0.6028245275895465	0.03002251757466603	0.0	0.5569268682562741	0.6028245275895465	0.5569268682562741	0.0	0.9748311111110978	0.96735555555559	0.36722222222222084
0.0	0.023446054628053815	0.5663451613579336	0.023446054628053815	0.0	0.5395201309663742	0.5663451613579336	0.5395201309663742	0.0	0.9611216161616045	0.953711111111145	0.3494222222222195
0.0	0.03041388343561644	0.5277819273308525	0.03041388343561644	0.0	0.4775725323645142	0.5277819273308525	0.4775725323645142	0.0	0.9431496969696799	0.9399111111111443	0.36295555555555414
0.0	0.026849856685570023	0.5575313122250253	0.026849856685570023	0.0	0.5165696947468378	0.5575313122250253	0.5165696947468378	0.0	0.9494826262626159	0.9755777777778072	0.3573777777777735
0.0	0.027109083745760425	0.59325449955764	0.027109083745760425	0.0	0.528676015673323	0.59325449955764	0.528676015673323	0.0	0.9367771717171604	0.9435333333333638	0.3495333333333306
0.0	0.0253808604727838	0.574736208159089	0.0253808604727838	0.0	0.5120976142056255	0.574736208159089	0.5120976142056255	0.0	0.9490878787878658	0.9648000000000344	0.3792666666666639
0.0	0.02499308525776369	0.5670481076598731	0.02499308525776369	0.0	0.54066684343098	0.5670481076598731	0.54066684343098	0.0	0.9590050505050389	0.9466000000000322	0.3943777777777748
0.0	0.028278901161069833	0.6172956618903492	0.028278901161069833	0.0	0.5862383419689058	0.6172956618903492	0.5862383419689058	0.0	0.9743973737373637	0.9580666666666975	0.328599999999997
0.0	0.02914905268258046	0.5610884966387869	0.02914905268258046	0.0	0.5537267911605632	0.5610884966387869	0.5537267911605632	0.0	0.9075212121212055	0.8927777777778039	0.3531555555555535
0.0	0.02776780700919445	0.6088354510988883	0.02776780700919445	0.0	0.577114179954429	0.6088354510988883	0.577114179954429	0.0	0.9607163636363538	0.9303333333333622	0.31837777777777615
0.0	0.03356027714010539	0.5580355294691443	0.03356027714010539	0.0	0.5126113627626222	0.5580355294691443	0.5126113627626222	0.0	0.9419270707070614	0.9372666666666968	0.39222222222221864
0.0	0.020372615436933673	0.5319465738576957	0.020372615436933673	0.0	0.49643226991814937	0.5319465738576957	0.49643226991814937	0.0	0.9365694949494865	0.928933333333364	0.40151111111110704
0.0	0.02019785035142713	0.5927212606616188	0.02019785035142713	0.0	0.5421355194230744	0.5927212606616188	0.5421355194230744	0.0	0.9261214141414008	0.9346666666666967	0.3719111111111089
0.0	0.025192359108088223	0.535547371560155	0.025192359108088223	0.0	0.4964278293669076	0.535547371560155	0.4964278293669076	0.0	0.9880393939393785	0.9727555555555868	0.4176222222222201
0.0	0.02986203579185457	0.5754987309838878	0.02986203579185457	0.0	0.5461437424221851	0.5754987309838878	0.5461437424221851	0.0	0.9551286868686745	0.9688222222222552	0.3508222222222205
0.0	0.025277178897404454	0.5422102857863353	0.025277178897404454	0.0	0.4734030917905833	0.5422102857863353	0.4734030917905833	0.0	0.9661806060605982	0.9691555555555872	0.3921555555555524
0.0	0.02731084106189981	0.6043064625176144	0.02731084106189981	0.0	0.5464935338029593	0.6043064625176144	0.5464935338029593	0.0	0.9109402020201932	0.9414222222222518	0.32671111111110823
0.0	0.022946219195223674	0.5156113721314042	0.022946219195223674	0.0	0.46263732733696616	0.5156113721314042	0.46263732733696616	0.0	0.9556470707070617	0.9586666666666986	0.42488888888888565
0.0	0.024621193209397096	0.5687752727311882	0.024621193209397096	0.0	0.5162413262010689	0.5687752727311882	0.5162413262010689	0.0	0.996180606060597	0.9946000000000342	0.34724444444444186
0.0	0.02470507114410951	0.5976513047602912	0.02470507114410951	0.0	0.5427365715575686	0.5976513047602912	0.5427365715575686	0.0	0.9733258585858487	0.9612444444444764	0.3183777777777753
0.0	0.028068346098255176	0.5070516520209477	0.028068346098255176	0.0	0.49913349626565556	0.5070516520209477	0.49913349626565556	0.0	0.9233480808080702	0.9071333333333588	0.393111111111109
0.0	0.024609843089686022	0.5001471093021957	0.024609843089686022	0.0	0.44338574491584903	0.5001471093021957	0.44338574491584903	0.0	0.9396444444444332	0.9482000000000339	0.4198888888888859
0.0	0.02418413546519946	0.5577656257846556	0.02418413546519946	0.0	0.4974865350089635	0.5577656257846556	0.4974865350089635	0.0	0.9663759595959442	0.9635777777778094	0.37322222222221946
0.0	0.02383267336244729	0.4924087225147788	0.02383267336244729	0.0	0.4260860910674187	0.4924087225147788	0.4260860910674187	0.0	0.9191749494949369	0.9392888888889198	0.4003777777777736
0.0	0.024239868294204815	0.566678446524705	0.024239868294204815	0.0	0.5234690468235143	0.566678446524705	0.5234690468235143	0.0	0.9854753535353399	1.0096666666667067	0.3870666666666631
0.0	0.021830832142366793	0.5163929186444054	0.021830832142366793	0.0	0.49317064287013557	0.5163929186444054	0.49317064287013557	0.0	0.9487080808080728	0.9377333333333634	0.40451111111110916
