population in sample
0	0	1

generation in sample
0.0	1000.0	1000.0

expected_linearlized_fst_array
0.0	0.025	0.07495	0.025	0.0	0.04995	0.07495	0.04995	0.0	

mean_linearlized_fst_array
0.0	0.031603060100870085	0.6680923754642948	0.031603060100870085	0.0	0.6555343063718303	0.6680923754642948	0.6555343063718303	0.0

median_linearlized_fst_array
0.0	0.011855414396655908	0.4747394413380187	0.011855414396655908	0.0	0.4352905761070758	0.4747394413380187	0.4352905761070758	0.0

std_linearlized_fst_array
0.0	0.07257161018959431	0.6594603859931611	0.07257161018959431	0.0	0.7422655606941805	0.6594603859931611	0.7422655606941805	0.0

linearlized_fst_array
0.0	0.003881395465541004	0.9619030448730882	0.003881395465541004	0.0	1.1615547329455478	0.9619030448730882	1.1615547329455478	0.0
0.0	0.12373238981741486	0.39918360589281193	0.12373238981741486	0.0	-0.003518735362995991	0.39918360589281193	-0.003518735362995991	0.0
0.0	-0.009678506945933897	0.129028565593823	-0.009678506945933897	0.0	0.11862615587848639	0.129028565593823	0.11862615587848639	0.0
0.0	-0.019859943282804028	0.5513450847287978	-0.019859943282804028	0.0	0.8173853808069086	0.5513450847287978	0.8173853808069086	0.0
0.0	0.022754677537893647	0.7061877340571497	0.022754677537893647	0.0	0.501106378928872	0.7061877340571497	0.501106378928872	0.0
0.0	-0.002501574717611771	0.136228461428437	-0.002501574717611771	0.0	0.181373190941753	0.136228461428437	0.181373190941753	0.0
0.0	0.15818290202310856	0.1677324123504135	0.15818290202310856	0.0	0.2740654205607505	0.1677324123504135	0.2740654205607505	0.0
0.0	0.01938681792400305	0.14199082980994573	0.01938681792400305	0.0	0.2775656217859406	0.14199082980994573	0.2775656217859406	0.0
0.0	0.12777415950232715	1.1397067114568746	0.12777415950232715	0.0	0.21138212661483996	1.1397067114568746	0.21138212661483996	0.0
0.0	0.13387877285286504	0.49586680741411954	0.13387877285286504	0.0	0.14445306113895293	0.49586680741411954	0.14445306113895293	0.0
0.0	0.06654918574245074	0.22124248334688812	0.06654918574245074	0.0	-0.015715235934006047	0.22124248334688812	-0.015715235934006047	0.0
0.0	-0.007805212836809705	0.8530045754819637	-0.007805212836809705	0.0	1.2178428761650295	0.8530045754819637	1.2178428761650295	0.0
0.0	0.18825530567395568	0.02929111413666729	0.18825530567395568	0.0	0.09169069462641255	0.02929111413666729	0.09169069462641255	0.0
0.0	-0.015322682976544556	0.8379464649349593	-0.015322682976544556	0.0	0.848298455572615	0.8379464649349593	0.848298455572615	0.0
0.0	-0.005062528443450769	0.1863464313537656	-0.005062528443450769	0.0	0.2097162861622001	0.1863464313537656	0.2097162861622001	0.0
0.0	0.14431107688438688	0.6380512037324064	0.14431107688438688	0.0	0.6175903678082276	0.6380512037324064	0.6175903678082276	0.0
0.0	0.026019174892133814	0.6681397712171435	0.026019174892133814	0.0	0.7901918492450927	0.6681397712171435	0.7901918492450927	0.0
0.0	0.10282158081951479	0.5236886988673549	0.10282158081951479	0.0	0.6057587037441905	0.5236886988673549	0.6057587037441905	0.0
0.0	0.02790288537900424	0.2077720021674365	0.02790288537900424	0.0	0.41611034223921334	0.2077720021674365	0.41611034223921334	0.0
0.0	0.033098709790410526	0.266287516493375	0.033098709790410526	0.0	0.5836792784134213	0.266287516493375	0.5836792784134213	0.0
0.0	0.0446175753848326	0.18261167369033726	0.0446175753848326	0.0	-0.0310685085987986	0.18261167369033726	-0.0310685085987986	0.0
0.0	0.0028515491197667405	0.7395748007739574	0.0028515491197667405	0.0	0.5316200852676443	0.7395748007739574	0.5316200852676443	0.0
0.0	0.02283304564416494	1.7399188362026363	0.02283304564416494	0.0	2.1634494860866407	1.7399188362026363	2.1634494860866407	0.0
0.0	0.03515741796552412	0.5105219928795114	0.03515741796552412	0.0	0.26313433546561693	0.5105219928795114	0.26313433546561693	0.0
0.0	0.11575257193039842	1.2267807586159054	0.11575257193039842	0.0	3.4991792215368847	1.2267807586159054	3.4991792215368847	0.0
0.0	0.09689518733653876	1.5246694307274047	0.09689518733653876	0.0	0.6600755426363162	1.5246694307274047	0.6600755426363162	0.0
0.0	0.02582117231703877	0.29319003331440174	0.02582117231703877	0.0	0.4891360441319577	0.29319003331440174	0.4891360441319577	0.0
0.0	0.008497909236062298	0.9151705175823325	0.008497909236062298	0.0	1.0620913517273705	0.9151705175823325	1.0620913517273705	0.0
0.0	-0.03790934764988324	1.0716146320529745	-0.03790934764988324	0.0	0.7531628719917773	1.0716146320529745	0.7531628719917773	0.0
0.0	0.11033379110970828	0.02150415632765241	0.11033379110970828	0.0	0.21457833027262915	0.02150415632765241	0.21457833027262915	0.0
0.0	-0.01210818929460128	0.36312133405224495	-0.01210818929460128	0.0	0.2568259385665541	0.36312133405224495	0.2568259385665541	0.0
0.0	0.02938489120627851	0.4942694667794964	0.02938489120627851	0.0	0.9488951176586233	0.4942694667794964	0.9488951176586233	0.0
0.0	0.005647259207813462	0.9853133560686594	0.005647259207813462	0.0	0.8047355240191421	0.9853133560686594	0.8047355240191421	0.0
0.0	-0.004634884368908035	0.39169962094534855	-0.004634884368908035	0.0	0.5297001675364634	0.39169962094534855	0.5297001675364634	0.0
0.0	0.030604336689418955	0.6543486334777873	0.030604336689418955	0.0	1.227352863948259	0.6543486334777873	1.227352863948259	0.0
0.0	-0.021674803244024488	0.6841201870389388	-0.021674803244024488	0.0	0.8007033997655391	0.6841201870389388	0.8007033997655391	0.0
0.0	0.09169465615392998	0.5006431438197647	0.09169465615392998	0.0	0.2508518069713102	0.5006431438197647	0.2508518069713102	0.0
0.0	0.20696659891393093	0.12326269773877113	0.20696659891393093	0.0	0.09396417600830159	0.12326269773877113	0.09396417600830159	0.0
0.0	-0.01104132311248489	0.300404588071473	-0.01104132311248489	0.0	0.19823743722718593	0.300404588071473	0.19823743722718593	0.0
0.0	0.014295352279952508	0.43400358196907435	0.014295352279952508	0.0	0.7926947358427595	0.43400358196907435	0.7926947358427595	0.0
0.0	0.02508392289285564	0.2718667850443177	0.02508392289285564	0.0	0.2912536152388514	0.2718667850443177	0.2912536152388514	0.0
0.0	0.018380273812058142	0.47218828590517314	0.018380273812058142	0.0	0.7334877876384195	0.47218828590517314	0.7334877876384195	0.0
0.0	0.023705638991869827	0.10381528044997329	0.023705638991869827	0.0	0.07033723331044031	0.10381528044997329	0.07033723331044031	0.0
0.0	-0.011489138837312696	0.621574243029659	-0.011489138837312696	0.0	0.5549146341463498	0.621574243029659	0.5549146341463498	0.0
0.0	-0.018815320933162724	0.7956446084229162	-0.018815320933162724	0.0	0.4183449651046653	0.7956446084229162	0.4183449651046653	0.0
0.0	0.0005906861896841712	-0.008104404463621888	0.0005906861896841712	0.0	0.0400360061757905	-0.008104404463621888	0.0400360061757905	0.0
0.0	0.008108685743573577	1.1400913357795555	0.008108685743573577	0.0	1.1158794462004744	1.1400913357795555	1.1158794462004744	0.0
0.0	0.023107661831148218	0.37225608166086993	0.023107661831148218	0.0	0.48308925117433654	0.37225608166086993	0.48308925117433654	0.0
0.0	0.19495515640795794	0.13952762835544213	0.19495515640795794	0.0	0.6025854743350489	0.13952762835544213	0.6025854743350489	0.0
0.0	0.02257997980037378	1.369425523440261	0.02257997980037378	0.0	1.1727377100511684	1.369425523440261	1.1727377100511684	0.0
0.0	0.07256891559505119	0.3309274333510769	0.07256891559505119	0.0	0.33248544284401965	0.3309274333510769	0.33248544284401965	0.0
0.0	0.011832435512365085	0.8471117043764157	0.011832435512365085	0.0	0.6324873096446855	0.8471117043764157	0.6324873096446855	0.0
0.0	0.06432601678844305	0.3486014184442905	0.06432601678844305	0.0	0.28467251856852316	0.3486014184442905	0.28467251856852316	0.0
0.0	-0.03525124880185623	0.19825118202850614	-0.03525124880185623	0.0	0.14220437401635294	0.19825118202850614	0.14220437401635294	0.0
0.0	-0.013881242130441642	0.25812997578337366	-0.013881242130441642	0.0	0.1993896236012382	0.25812997578337366	0.1993896236012382	0.0
0.0	0.23222048048466956	0.08863705324630906	0.23222048048466956	0.0	0.47366563740630496	0.08863705324630906	0.47366563740630496	0.0
0.0	0.27143483605734403	0.443151920441762	0.27143483605734403	0.0	0.2768741991801657	0.443151920441762	0.2768741991801657	0.0
0.0	0.020659635606167702	0.7575229340395695	0.020659635606167702	0.0	0.8156938232463434	0.7575229340395695	0.8156938232463434	0.0
0.0	0.06858309572519052	0.024313547939950938	0.06858309572519052	0.0	0.18568585425595463	0.024313547939950938	0.18568585425595463	0.0
0.0	-0.030403328547546966	0.15192595792466887	-0.030403328547546966	0.0	0.17691909012376625	0.15192595792466887	0.17691909012376625	0.0
0.0	0.014338460568167592	0.7039950277811609	0.014338460568167592	0.0	0.6887981788209678	0.7039950277811609	0.6887981788209678	0.0
0.0	0.02598597260206733	0.43128697224281437	0.02598597260206733	0.0	0.38247780779623547	0.43128697224281437	0.38247780779623547	0.0
0.0	0.07119739930219923	0.8760188406705759	0.07119739930219923	0.0	0.37088102727068833	0.8760188406705759	0.37088102727068833	0.0
0.0	0.005072889468598459	0.2824065258488384	0.005072889468598459	0.0	0.18973211963591924	0.2824065258488384	0.18973211963591924	0.0
0.0	-0.031065882859059892	0.5464866759276882	-0.031065882859059892	0.0	0.5851241847289215	0.5464866759276882	0.5851241847289215	0.0
0.0	-0.02518780084125426	0.630600950087337	-0.02518780084125426	0.0	0.42347574634460033	0.630600950087337	0.42347574634460033	0.0
0.0	0.08822942593915371	0.9232523694339331	0.08822942593915371	0.0	0.26524817544750223	0.9232523694339331	0.26524817544750223	0.0
0.0	0.02006367654464636	0.06581545450189874	0.02006367654464636	0.0	0.09164818920914765	0.06581545450189874	0.09164818920914765	0.0
0.0	0.009080389317034017	0.1869929973651764	0.009080389317034017	0.0	0.04786614705905345	0.1869929973651764	0.04786614705905345	0.0
0.0	-0.025058126700481492	1.0561031578989706	-0.025058126700481492	0.0	1.0044444444445073	1.0561031578989706	1.0044444444445073	0.0
0.0	0.06748291178260336	1.2262098199387865	0.06748291178260336	0.0	1.418667780329987	1.2262098199387865	1.418667780329987	0.0
0.0	0.040462804148815056	2.1472830637697813	0.040462804148815056	0.0	0.8491754122938888	2.1472830637697813	0.8491754122938888	0.0
0.0	0.020426243475252022	1.1500968065206867	0.020426243475252022	0.0	0.9317811657277012	1.1500968065206867	0.9317811657277012	0.0
0.0	0.34241044295568007	3.4652948704677615	0.34241044295568007	0.0	0.5901359543287537	3.4652948704677615	0.5901359543287537	0.0
0.0	-0.001473762522022025	-0.010772150457668744	-0.001473762522022025	0.0	-4.033535971004766e-05	-0.010772150457668744	-4.033535971004766e-05	0.0
0.0	0.1270153564442832	0.237705622392385	0.1270153564442832	0.0	0.16828561880360535	0.237705622392385	0.16828561880360535	0.0
0.0	-0.02010985498766392	1.3992112645742727	-0.02010985498766392	0.0	1.6061375173050936	1.3992112645742727	1.6061375173050936	0.0
0.0	0.019590807571221114	1.3103232007324361	0.019590807571221114	0.0	2.1589983741641343	1.3103232007324361	2.1589983741641343	0.0
0.0	-0.026241385275873663	0.1994941412184554	-0.026241385275873663	0.0	0.10675861227222766	0.1994941412184554	0.10675861227222766	0.0
0.0	0.02771299707461293	0.4685140410357478	0.02771299707461293	0.0	0.6629085784425256	0.4685140410357478	0.6629085784425256	0.0
0.0	0.011726909489792155	0.3219910084146763	0.011726909489792155	0.0	0.4026569913480582	0.3219910084146763	0.4026569913480582	0.0
0.0	-0.034419194910546236	0.46585678843570744	-0.034419194910546236	0.0	0.49347939768566607	0.46585678843570744	0.49347939768566607	0.0
0.0	0.16462480044076439	1.1670734927359419	0.16462480044076439	0.0	1.0084732785463304	1.1670734927359419	1.0084732785463304	0.0
0.0	0.013261525105781024	0.2509261411405484	0.013261525105781024	0.0	0.19465535978324686	0.2509261411405484	0.19465535978324686	0.0
0.0	0.214917426495958	0.6030542497917406	0.214917426495958	0.0	2.0390148030439588	0.6030542497917406	2.0390148030439588	0.0
0.0	-0.017738300067497288	0.23617039983191512	-0.017738300067497288	0.0	0.2565940514699753	0.23617039983191512	0.2565940514699753	0.0
0.0	0.14577479653173178	0.509413583846285	0.14577479653173178	0.0	0.5589953134641672	0.509413583846285	0.5589953134641672	0.0
0.0	-0.01720793138628856	0.5154625224297851	-0.01720793138628856	0.0	0.43354009747454253	0.5154625224297851	0.43354009747454253	0.0
0.0	-0.029709406212264613	0.898014095651027	-0.029709406212264613	0.0	0.9513612077007001	0.898014095651027	0.9513612077007001	0.0
0.0	0.05326405166579589	0.34149664442022176	0.05326405166579589	0.0	0.12023343192901939	0.34149664442022176	0.12023343192901939	0.0
0.0	0.00904354063344618	0.23103698683795496	0.00904354063344618	0.0	0.20214232022043457	0.23103698683795496	0.20214232022043457	0.0
0.0	0.008156786567504118	0.31792758658511056	0.008156786567504118	0.0	0.384442080230293	0.31792758658511056	0.384442080230293	0.0
0.0	0.010700607444053973	0.8343398345349277	0.010700607444053973	0.0	0.47428247428234604	0.8343398345349277	0.47428247428234604	0.0
0.0	-0.032754808739163505	0.998744749199521	-0.032754808739163505	0.0	1.0214382392750632	0.998744749199521	1.0214382392750632	0.0
0.0	-0.004300822605613987	0.587662948040526	-0.004300822605613987	0.0	0.37322551662170467	0.587662948040526	0.37322551662170467	0.0
0.0	0.0025039057466384085	0.8819591612043359	0.0025039057466384085	0.0	0.45320776927600365	0.8819591612043359	0.45320776927600365	0.0
0.0	0.28244664800114005	0.25934167393655017	0.28244664800114005	0.0	0.0056301186435109	0.25934167393655017	0.0056301186435109	0.0
0.0	0.00016045825854918484	0.04790051737134542	0.00016045825854918484	0.0	0.05145661231082471	0.04790051737134542	0.05145661231082471	0.0
0.0	-0.035390425368067156	0.0586227826307704	-0.035390425368067156	0.0	0.047230415495652586	0.0586227826307704	0.047230415495652586	0.0
0.0	0.012104391271868738	0.4772905967708643	0.012104391271868738	0.0	0.31723881152724587	0.4772905967708643	0.31723881152724587	0.0
0.0	-0.032683917089639164	0.48667520423075666	-0.032683917089639164	0.0	0.517250624017845	0.48667520423075666	0.517250624017845	0.0
0.0	-0.020739505655066295	0.8114349311193785	-0.020739505655066295	0.0	0.76508570188762	0.8114349311193785	0.76508570188762	0.0
0.0	-0.023689722207633542	1.5831164668573376	-0.023689722207633542	0.0	1.2987858434511879	1.5831164668573376	1.2987858434511879	0.0
0.0	0.1169598125131673	1.0834947212866617	0.1169598125131673	0.0	2.2122721437740918	1.0834947212866617	2.2122721437740918	0.0
0.0	0.01426433311688953	2.7987879784758496	0.01426433311688953	0.0	1.2922232681099277	2.7987879784758496	1.2922232681099277	0.0
0.0	-0.02926855973902241	1.5912435493507502	-0.02926855973902241	0.0	1.5342982034174313	1.5912435493507502	1.5342982034174313	0.0
0.0	0.06226183866859047	1.8585032722109438	0.06226183866859047	0.0	0.7933094384706814	1.8585032722109438	0.7933094384706814	0.0
0.0	0.040232357367181774	0.7171108053330767	0.040232357367181774	0.0	0.2687932188266279	0.7171108053330767	0.2687932188266279	0.0
0.0	0.014938182811300845	1.0265365461624487	0.014938182811300845	0.0	0.5846203226621554	1.0265365461624487	0.5846203226621554	0.0
0.0	-0.03546638529045292	0.5087052503345169	-0.03546638529045292	0.0	0.47011650141934946	0.5087052503345169	0.47011650141934946	0.0
0.0	0.03989329909716826	0.5869050708182386	0.03989329909716826	0.0	0.3248347963309948	0.5869050708182386	0.3248347963309948	0.0
0.0	-0.03928058248300879	0.09173141732677152	-0.03928058248300879	0.0	0.012764858394505835	0.09173141732677152	0.012764858394505835	0.0
0.0	-0.02034036690998196	1.2636601445898914	-0.02034036690998196	0.0	1.643292336802233	1.2636601445898914	1.643292336802233	0.0
0.0	-0.015655016124692552	0.9365774651861857	-0.015655016124692552	0.0	1.3045708955224125	0.9365774651861857	1.3045708955224125	0.0
0.0	0.0835568751919482	0.08339752862641416	0.0835568751919482	0.0	0.31634260676253106	0.08339752862641416	0.31634260676253106	0.0
0.0	0.07351368607927673	0.5319318883015427	0.07351368607927673	0.0	1.3050654524756593	0.5319318883015427	1.3050654524756593	0.0
0.0	0.02025073125991097	0.9413658271383585	0.02025073125991097	0.0	0.38816167043162053	0.9413658271383585	0.38816167043162053	0.0
0.0	-0.03503029454466505	0.6930767456133922	-0.03503029454466505	0.0	0.6484169296051063	0.6930767456133922	0.6484169296051063	0.0
0.0	-0.036463483600244054	0.789654564560573	-0.036463483600244054	0.0	0.6036925719192677	0.789654564560573	0.6036925719192677	0.0
0.0	-0.0036834745152155373	0.45781597556943426	-0.0036834745152155373	0.0	0.6411421155093856	0.45781597556943426	0.6411421155093856	0.0
0.0	0.008410668239599189	0.3683144269733446	0.008410668239599189	0.0	0.5366211278423444	0.3683144269733446	0.5366211278423444	0.0
0.0	0.10800363593369007	0.11153636390531221	0.10800363593369007	0.0	0.08174620757203153	0.11153636390531221	0.08174620757203153	0.0
0.0	-0.014733308877496028	0.6199115557760089	-0.014733308877496028	0.0	0.6454648414417711	0.6199115557760089	0.6454648414417711	0.0
0.0	0.029195523289308706	0.17684700916746549	0.029195523289308706	0.0	-0.007680371403022142	0.17684700916746549	-0.007680371403022142	0.0
0.0	-0.0342104458403116	0.6308648771316049	-0.0342104458403116	0.0	0.5640284866947498	0.6308648771316049	0.5640284866947498	0.0
0.0	0.07912549594516949	0.9449493699637088	0.07912549594516949	0.0	1.2955432138431537	0.9449493699637088	1.2955432138431537	0.0
0.0	0.018428511483273673	0.19369676404166078	0.018428511483273673	0.0	0.09278627698761036	0.19369676404166078	0.09278627698761036	0.0
0.0	-0.035445603601109384	0.13339741435103725	-0.035445603601109384	0.0	0.11088445049465422	0.13339741435103725	0.11088445049465422	0.0
0.0	0.12280337187391804	0.29721443702995737	0.12280337187391804	0.0	0.3667865012177107	0.29721443702995737	0.3667865012177107	0.0
0.0	0.03422256662078002	0.6210072388672753	0.03422256662078002	0.0	0.23705876003024784	0.6210072388672753	0.23705876003024784	0.0
0.0	-0.01847069825088781	0.6116468181728361	-0.01847069825088781	0.0	0.33468052709737384	0.6116468181728361	0.33468052709737384	0.0
0.0	0.03615866388305602	0.4478944447400006	0.03615866388305602	0.0	0.39400539083554	0.4478944447400006	0.39400539083554	0.0
0.0	-0.023665161966060635	0.5984608370872239	-0.023665161966060635	0.0	0.5004109055781885	0.5984608370872239	0.5004109055781885	0.0
0.0	0.06429167221750558	0.3479446378878677	0.06429167221750558	0.0	0.4554047447209768	0.3479446378878677	0.4554047447209768	0.0
0.0	0.012302612708537502	0.27733672142458204	0.012302612708537502	0.0	0.27754225589741655	0.27733672142458204	0.27754225589741655	0.0
0.0	-0.014175898254324843	0.3150503866884744	-0.014175898254324843	0.0	0.37697824187878143	0.3150503866884744	0.37697824187878143	0.0
0.0	0.04282152439767767	0.48596672153345	0.04282152439767767	0.0	0.9358874194004154	0.48596672153345	0.9358874194004154	0.0
0.0	-0.011309552764762752	0.35654647537270456	-0.011309552764762752	0.0	0.12474831197184695	0.35654647537270456	0.12474831197184695	0.0
0.0	0.13236851966875215	1.70536622457642	0.13236851966875215	0.0	1.0371158013000052	1.70536622457642	1.0371158013000052	0.0
0.0	0.01578861483319782	0.2793796047421224	0.01578861483319782	0.0	0.39677020934972945	0.2793796047421224	0.39677020934972945	0.0
0.0	0.013506141666592109	0.5183473937868437	0.013506141666592109	0.0	0.8264805299620543	0.5183473937868437	0.8264805299620543	0.0
0.0	0.06374075716249859	0.19279825354777497	0.06374075716249859	0.0	0.12297741723309309	0.19279825354777497	0.12297741723309309	0.0
0.0	-0.005638439131013648	0.42928361746041344	-0.005638439131013648	0.0	0.2182639207615895	0.42928361746041344	0.2182639207615895	0.0
0.0	0.12653527040668971	0.07828261100701185	0.12653527040668971	0.0	0.1466729700980786	0.07828261100701185	0.1466729700980786	0.0
0.0	0.06302088133146078	1.3095647110292568	0.06302088133146078	0.0	1.4118163699625035	1.3095647110292568	1.4118163699625035	0.0
0.0	-0.0004249048779031344	0.4109865477701879	-0.0004249048779031344	0.0	0.28328061787425174	0.4109865477701879	0.28328061787425174	0.0
0.0	0.05620968407987207	0.31743120592898705	0.05620968407987207	0.0	0.19361440851414655	0.31743120592898705	0.19361440851414655	0.0
0.0	0.13421667663167205	0.22719685286450872	0.13421667663167205	0.0	0.5501299411844975	0.22719685286450872	0.5501299411844975	0.0
0.0	0.02759475448577852	0.09522757950900909	0.02759475448577852	0.0	0.21666832145196663	0.09522757950900909	0.21666832145196663	0.0
0.0	-0.012860477367623396	0.573050479093151	-0.012860477367623396	0.0	0.8912063709688768	0.573050479093151	0.8912063709688768	0.0
0.0	0.06794668292736644	0.3739605907414056	0.06794668292736644	0.0	0.9012579643849865	0.3739605907414056	0.9012579643849865	0.0
0.0	0.010303812886695077	0.5149931825737778	0.010303812886695077	0.0	0.2912813559321986	0.5149931825737778	0.2912813559321986	0.0
0.0	-0.015188833243604316	0.6655615748559839	-0.015188833243604316	0.0	0.8567942460826309	0.6655615748559839	0.8567942460826309	0.0
0.0	-0.005756176834650254	1.7113817025436382	-0.005756176834650254	0.0	2.3477526191279017	1.7113817025436382	2.3477526191279017	0.0
0.0	0.03549437553859715	0.21943446850686807	0.03549437553859715	0.0	0.061099396851872094	0.21943446850686807	0.061099396851872094	0.0
0.0	-0.032630024846370315	1.892647676884736	-0.032630024846370315	0.0	2.0294457274827638	1.892647676884736	2.0294457274827638	0.0
0.0	-0.0006491660694075784	0.21760362752263288	-0.0006491660694075784	0.0	0.1554719735032797	0.21760362752263288	0.1554719735032797	0.0
0.0	0.2555726215686887	0.4478069525279207	0.2555726215686887	0.0	2.07071764121766	0.4478069525279207	2.07071764121766	0.0
0.0	0.006641379290499164	0.3986147931073731	0.006641379290499164	0.0	0.5352761865492318	0.3986147931073731	0.5352761865492318	0.0
0.0	-0.02606246411372104	0.1401303278496317	-0.02606246411372104	0.0	0.05193226776384716	0.1401303278496317	0.05193226776384716	0.0
0.0	0.03558142257225084	3.278904124386383	0.03558142257225084	0.0	1.2900154492867217	3.278904124386383	1.2900154492867217	0.0
0.0	-0.01129743653221978	1.5595772981762692	-0.01129743653221978	0.0	1.7086989840059794	1.5595772981762692	1.7086989840059794	0.0
0.0	0.022065978819232515	0.8969478245937621	0.022065978819232515	0.0	0.873750436910219	0.8969478245937621	0.873750436910219	0.0
0.0	0.05612998307840987	1.2147483632888203	0.05612998307840987	0.0	1.0615251299827366	1.2147483632888203	1.0615251299827366	0.0
0.0	0.021672881643312224	0.5766168920226288	0.021672881643312224	0.0	0.5470435415151371	0.5766168920226288	0.5470435415151371	0.0
0.0	0.15409551763685805	0.4064832315354704	0.15409551763685805	0.0	0.563735975329755	0.4064832315354704	0.563735975329755	0.0
0.0	0.008696534466851352	0.019109271942090618	0.008696534466851352	0.0	0.01849280818892419	0.019109271942090618	0.01849280818892419	0.0
0.0	-0.023089090304196442	0.18041948823265042	-0.023089090304196442	0.0	0.11529553679133567	0.18041948823265042	0.11529553679133567	0.0
0.0	-0.0013609411797276844	0.9327200042110209	-0.0013609411797276844	0.0	1.3860601001669395	0.9327200042110209	1.3860601001669395	0.0
0.0	0.12952701869585379	1.615156175555684	0.12952701869585379	0.0	3.0597485958809716	1.615156175555684	3.0597485958809716	0.0
0.0	0.06854044990614931	1.1045955591519951	0.06854044990614931	0.0	1.2631070566138711	1.1045955591519951	1.2631070566138711	0.0
0.0	-0.027159842007730063	3.581757212231852	-0.027159842007730063	0.0	4.411068814055463	3.581757212231852	4.411068814055463	0.0
0.0	0.03047114985934037	1.3111623868526052	0.03047114985934037	0.0	1.296175778858858	1.3111623868526052	1.296175778858858	0.0
0.0	-0.008132817740217903	0.12139987730369703	-0.008132817740217903	0.0	0.022142498652346923	0.12139987730369703	0.022142498652346923	0.0
0.0	0.00682541642923991	0.15680265605958316	0.00682541642923991	0.0	0.2541579159033046	0.15680265605958316	0.2541579159033046	0.0
0.0	-0.035414367374530034	0.07575118437290757	-0.035414367374530034	0.0	-0.012255015408653978	0.07575118437290757	-0.012255015408653978	0.0
0.0	-0.00253225828232884	0.5289291722397003	-0.00253225828232884	0.0	0.5215882712278268	0.5289291722397003	0.5215882712278268	0.0
0.0	0.04892874193346955	0.6192640003453431	0.04892874193346955	0.0	0.2812255220105834	0.6192640003453431	0.2812255220105834	0.0
0.0	0.013488992223890358	0.19602007665015006	0.013488992223890358	0.0	0.1977135706973275	0.19602007665015006	0.1977135706973275	0.0
0.0	0.0043634670121604005	1.0884804791728513	0.0043634670121604005	0.0	1.7469007131103058	1.0884804791728513	1.7469007131103058	0.0
0.0	0.007672802220465204	0.4657833155686229	0.007672802220465204	0.0	0.7070110701106329	0.4657833155686229	0.7070110701106329	0.0
0.0	0.0030418323702301148	0.9256639563589035	0.0030418323702301148	0.0	0.9893948845914083	0.9256639563589035	0.9893948845914083	0.0
0.0	-0.03129776783312997	0.14322253388014633	-0.03129776783312997	0.0	0.1748211689017674	0.14322253388014633	0.1748211689017674	0.0
0.0	0.07232453720775445	0.7151733180601808	0.07232453720775445	0.0	0.554218830622162	0.7151733180601808	0.554218830622162	0.0
0.0	0.08016322368661821	0.1895579186700427	0.08016322368661821	0.0	0.19265749669582552	0.1895579186700427	0.19265749669582552	0.0
0.0	0.08852330584098834	1.1602517126891037	0.08852330584098834	0.0	1.7481162540366424	1.1602517126891037	1.7481162540366424	0.0
0.0	0.0789971483753449	0.809892949713714	0.0789971483753449	0.0	0.5510450273530472	0.809892949713714	0.5510450273530472	0.0
0.0	0.06259735549851193	0.1724287607940546	0.06259735549851193	0.0	0.1620876263841928	0.1724287607940546	0.1620876263841928	0.0
0.0	0.0415252530873114	0.9171946357253257	0.0415252530873114	0.0	1.534148687646013	0.9171946357253257	1.534148687646013	0.0
0.0	-0.024024783892712415	0.09207284183876305	-0.024024783892712415	0.0	0.07457682028024948	0.09207284183876305	0.07457682028024948	0.0
0.0	0.06515371033566528	0.1170792722519778	0.06515371033566528	0.0	0.13020944445141255	0.1170792722519778	0.13020944445141255	0.0
0.0	-0.005425870479151096	1.5229656866106778	-0.005425870479151096	0.0	0.8984190759018376	1.5229656866106778	0.8984190759018376	0.0
0.0	-0.02381630196558413	0.19169260604964758	-0.02381630196558413	0.0	0.1337826010852433	0.19169260604964758	0.1337826010852433	0.0
0.0	-0.02651934859520036	0.07662238467464305	-0.02651934859520036	0.0	0.005568994801574494	0.07662238467464305	0.005568994801574494	0.0
0.0	0.017721484346457317	0.3557638893147212	0.017721484346457317	0.0	0.13830925628681545	0.3557638893147212	0.13830925628681545	0.0
0.0	-0.026010068460485126	0.786904545046859	-0.026010068460485126	0.0	0.8187857014549302	0.786904545046859	0.8187857014549302	0.0
0.0	-0.038878029749321794	2.208556632617853	-0.038878029749321794	0.0	1.94048725847076	2.208556632617853	1.94048725847076	0.0
0.0	-0.005464489185260992	0.17345836267602582	-0.005464489185260992	0.0	0.1360862262037787	0.17345836267602582	0.1360862262037787	0.0
0.0	0.05334533702536407	0.18103759846477996	0.05334533702536407	0.0	0.43073798239677336	0.18103759846477996	0.43073798239677336	0.0
0.0	-0.0024007814026279894	2.4578556508536717	-0.0024007814026279894	0.0	2.307133421400352	2.4578556508536717	2.307133421400352	0.0
0.0	0.06150000526594648	0.4973473658912346	0.06150000526594648	0.0	0.25043894107601117	0.4973473658912346	0.25043894107601117	0.0
0.0	-0.0039714497079158	0.3797256182015962	-0.0039714497079158	0.0	0.1352754237288358	0.3797256182015962	0.1352754237288358	0.0
0.0	0.3063809873777614	0.7179010052144725	0.3063809873777614	0.0	1.510023488283027	0.7179010052144725	1.510023488283027	0.0
0.0	0.10096356065762543	0.49573435247532754	0.10096356065762543	0.0	1.4523887973640024	0.49573435247532754	1.4523887973640024	0.0
0.0	0.020733193804629367	0.20291273407832697	0.020733193804629367	0.0	0.18063817303787302	0.20291273407832697	0.18063817303787302	0.0
0.0	0.0424234982126747	0.5183324211526252	0.0424234982126747	0.0	0.475942261427454	0.5183324211526252	0.475942261427454	0.0
0.0	0.13312750560010092	1.7368014048093927	0.13312750560010092	0.0	1.5368083003952053	1.7368014048093927	1.5368083003952053	0.0
0.0	0.005191658880194022	0.8066847467907582	0.005191658880194022	0.0	0.5608433552451435	0.8066847467907582	0.5608433552451435	0.0
0.0	0.004497143214362477	0.3308758657491977	0.004497143214362477	0.0	0.14354052635528547	0.3308758657491977	0.14354052635528547	0.0
0.0	-0.0014310129909398857	0.08276893725190547	-0.0014310129909398857	0.0	0.04428883490191807	0.08276893725190547	0.04428883490191807	0.0
0.0	0.14683732868657726	1.6053007314626724	0.14683732868657726	0.0	2.7708679097918805	1.6053007314626724	2.7708679097918805	0.0
0.0	0.05921087192371213	0.31938345799104684	0.05921087192371213	0.0	0.46492552191624276	0.31938345799104684	0.46492552191624276	0.0
0.0	0.04217141853985603	0.7629565263794504	0.04217141853985603	0.0	1.3365393649412842	0.7629565263794504	1.3365393649412842	0.0
0.0	0.1760128670667939	0.29843622010859094	0.1760128670667939	0.0	0.5877448026513956	0.29843622010859094	0.5877448026513956	0.0
0.0	0.015726299890733614	0.9220348771100627	0.015726299890733614	0.0	0.9326137545180083	0.9220348771100627	0.9326137545180083	0.0
0.0	0.1127791988063385	0.9711354560426612	0.1127791988063385	0.0	1.2106368089572892	0.9711354560426612	1.2106368089572892	0.0
0.0	-0.008827501862469488	0.31059965795289163	-0.008827501862469488	0.0	0.49531249999997556	0.31059965795289163	0.49531249999997556	0.0
0.0	-0.00272325905398906	0.37761342730170544	-0.00272325905398906	0.0	0.1982186933632957	0.37761342730170544	0.1982186933632957	0.0
0.0	0.1528013743354688	0.15558287295979456	0.1528013743354688	0.0	0.47231853712059874	0.15558287295979456	0.47231853712059874	0.0
0.0	-0.0274624918924193	0.16294917393763783	-0.0274624918924193	0.0	0.15796975491049667	0.16294917393763783	0.15796975491049667	0.0
0.0	0.00011971104991533476	0.5551046012717207	0.00011971104991533476	0.0	0.44978206436057455	0.5551046012717207	0.44978206436057455	0.0
0.0	0.019944156826774674	0.4943633293444343	0.019944156826774674	0.0	0.257719714964346	0.4943633293444343	0.257719714964346	0.0
0.0	-0.02257050369003179	0.07220149339720025	-0.02257050369003179	0.0	-0.017693200095011425	0.07220149339720025	-0.017693200095011425	0.0
0.0	0.014233676848276587	0.5616731406390689	0.014233676848276587	0.0	0.403881362138448	0.5616731406390689	0.403881362138448	0.0
0.0	0.024354912657130544	0.6943535808852129	0.024354912657130544	0.0	0.8620810191479141	0.6943535808852129	0.8620810191479141	0.0
0.0	0.04584978109649931	0.31035466374357606	0.04584978109649931	0.0	0.2825378082565127	0.31035466374357606	0.2825378082565127	0.0
0.0	0.02196823039588341	0.5592058077814076	0.02196823039588341	0.0	0.49365152455502015	0.5592058077814076	0.49365152455502015	0.0
0.0	0.1084668793235619	1.207912891464154	0.1084668793235619	0.0	0.38950998099972	1.207912891464154	0.38950998099972	0.0
0.0	-0.018852081516245626	0.7557217045412632	-0.018852081516245626	0.0	0.5335896203748371	0.7557217045412632	0.5335896203748371	0.0
0.0	0.0704749061564745	0.14863057703227867	0.0704749061564745	0.0	0.10665000780885937	0.14863057703227867	0.10665000780885937	0.0
0.0	0.00043465701239676924	0.39654703227131893	0.00043465701239676924	0.0	0.16675235089319382	0.39654703227131893	0.16675235089319382	0.0
0.0	-0.02563607413602926	0.18221483442362751	-0.02563607413602926	0.0	0.15919476443797784	0.18221483442362751	0.15919476443797784	0.0
0.0	0.10231385462619168	0.4412372609252476	0.10231385462619168	0.0	0.6549176150840734	0.4412372609252476	0.6549176150840734	0.0
0.0	-0.0016003789775822983	0.8343090356901461	-0.0016003789775822983	0.0	0.4934637989051176	0.8343090356901461	0.4934637989051176	0.0
0.0	0.017851309940556667	0.42624651080457926	0.017851309940556667	0.0	0.1733255391809903	0.42624651080457926	0.1733255391809903	0.0
0.0	-0.032974824150417054	0.7706084596362656	-0.032974824150417054	0.0	0.4471780703360179	0.7706084596362656	0.4471780703360179	0.0
0.0	-0.036881732698759	1.0225575045566822	-0.036881732698759	0.0	1.0182829980870791	1.0225575045566822	1.0182829980870791	0.0
0.0	-0.029794784792721688	0.33233807730846865	-0.029794784792721688	0.0	0.26217276153613644	0.33233807730846865	0.26217276153613644	0.0
0.0	0.04993922927357207	0.42543504125783194	0.04993922927357207	0.0	0.3854155797246657	0.42543504125783194	0.3854155797246657	0.0
0.0	0.019318141955287516	0.8654874537923989	0.019318141955287516	0.0	1.3483025052681075	0.8654874537923989	1.3483025052681075	0.0
0.0	-0.007538193186451452	0.431503535866996	-0.007538193186451452	0.0	0.5006319904441432	0.431503535866996	0.5006319904441432	0.0
0.0	0.19108858244788193	1.1817624593397578	0.19108858244788193	0.0	4.590268925851109	1.1817624593397578	4.590268925851109	0.0
0.0	0.02361736321670264	0.14707895172269464	0.02361736321670264	0.0	0.0713422742296995	0.14707895172269464	0.0713422742296995	0.0
0.0	-0.01714402808842816	0.4185457919173758	-0.01714402808842816	0.0	0.21605195810665945	0.4185457919173758	0.21605195810665945	0.0
0.0	0.05042705397758716	0.39912944045495846	0.05042705397758716	0.0	0.6334770678165588	0.39912944045495846	0.6334770678165588	0.0
0.0	0.004699098504799094	0.035586053401442275	0.004699098504799094	0.0	0.08787484225071711	0.035586053401442275	0.08787484225071711	0.0
0.0	0.015623065999575208	1.2778860848664448	0.015623065999575208	0.0	1.2882659004426953	1.2778860848664448	1.2882659004426953	0.0
0.0	0.18876047270421487	0.4943745985594155	0.18876047270421487	0.0	0.28847396375187623	0.4943745985594155	0.28847396375187623	0.0
0.0	-0.035307113926457585	2.357855938282729	-0.035307113926457585	0.0	1.8869155491119813	2.357855938282729	1.8869155491119813	0.0
0.0	0.017364206951985404	3.8108380146489145	0.017364206951985404	0.0	1.6415270366083894	3.8108380146489145	1.6415270366083894	0.0
0.0	0.0073749974946446094	0.1968428732113999	0.0073749974946446094	0.0	0.270644463831868	0.1968428732113999	0.270644463831868	0.0
0.0	0.10011620282590425	1.2972396407943567	0.10011620282590425	0.0	2.1307841692893534	1.2972396407943567	2.1307841692893534	0.0
0.0	0.05309154001664534	3.8536341700138426	0.05309154001664534	0.0	2.0456680436873587	3.8536341700138426	2.0456680436873587	0.0
0.0	-0.03319996993479874	0.36114425871879335	-0.03319996993479874	0.0	0.2924218846209298	0.36114425871879335	0.2924218846209298	0.0
0.0	0.03687523719801637	0.66172084911071	0.03687523719801637	0.0	1.1949903319082076	0.66172084911071	1.1949903319082076	0.0
0.0	0.14464091923728575	0.3393434496783554	0.14464091923728575	0.0	1.0038033937973252	0.3393434496783554	1.0038033937973252	0.0
0.0	-0.012090744288785971	1.268278107610179	-0.012090744288785971	0.0	0.8318820062881299	1.268278107610179	0.8318820062881299	0.0
0.0	0.011199769713558896	0.27334963951423646	0.011199769713558896	0.0	0.3201813909929185	0.27334963951423646	0.3201813909929185	0.0
0.0	-0.0008364232770669223	0.49099416509899546	-0.0008364232770669223	0.0	0.24716824542829524	0.49099416509899546	0.24716824542829524	0.0
0.0	0.0774477021619135	-0.004003261348992374	0.0774477021619135	0.0	0.0824223014774948	-0.004003261348992374	0.0824223014774948	0.0
0.0	0.04679564295279076	1.694026652863226	0.04679564295279076	0.0	1.1446801778840188	1.694026652863226	1.1446801778840188	0.0
0.0	0.053169743110110815	1.7649321442991206	0.053169743110110815	0.0	0.9264695275874875	1.7649321442991206	0.9264695275874875	0.0
0.0	0.37336999748503663	0.026685230362017833	0.37336999748503663	0.0	0.5958788486863491	0.026685230362017833	0.5958788486863491	0.0
0.0	0.03278477377881417	0.9109562992418501	0.03278477377881417	0.0	1.750505731625012	0.9109562992418501	1.750505731625012	0.0
0.0	0.08509416356923558	3.24369711268636	0.08509416356923558	0.0	1.464549938347753	3.24369711268636	1.464549938347753	0.0
0.0	0.2608239801583739	0.5155432433570946	0.2608239801583739	0.0	1.8065238678090918	0.5155432433570946	1.8065238678090918	0.0
0.0	0.006580675172236169	0.3005926111033379	0.006580675172236169	0.0	0.3703805027774289	0.3005926111033379	0.3703805027774289	0.0
0.0	-0.04133056048714202	1.2355512521882561	-0.04133056048714202	0.0	1.0914331550800833	1.2355512521882561	1.0914331550800833	0.0
0.0	0.005808445003454922	3.1558573703327157	0.005808445003454922	0.0	1.5834412810406835	3.1558573703327157	1.5834412810406835	0.0
0.0	0.03320587898944966	0.8943990893568655	0.03320587898944966	0.0	0.6460345498637917	0.8943990893568655	0.6460345498637917	0.0
0.0	0.02781137874283402	1.2503889340112864	0.02781137874283402	0.0	1.4702659263588895	1.2503889340112864	1.4702659263588895	0.0
0.0	0.01714056598115442	0.2440156611786077	0.01714056598115442	0.0	0.19736759981644555	0.2440156611786077	0.19736759981644555	0.0
0.0	0.029578442054409262	0.18071268468822865	0.029578442054409262	0.0	0.34768995521899837	0.18071268468822865	0.34768995521899837	0.0
0.0	0.0012264456286898342	0.22098916035774963	0.0012264456286898342	0.0	0.22958136413208832	0.22098916035774963	0.22958136413208832	0.0
0.0	0.10072097781151051	0.6854452416334439	0.10072097781151051	0.0	0.6829723556745669	0.6854452416334439	0.6829723556745669	0.0
0.0	0.08247339749922028	0.430030379921616	0.08247339749922028	0.0	0.25921023276566507	0.430030379921616	0.25921023276566507	0.0
0.0	-0.03656753599803447	0.8943644411705459	-0.03656753599803447	0.0	0.7501993188838277	0.8943644411705459	0.7501993188838277	0.0
0.0	-0.04039249357098245	1.9795833836380279	-0.04039249357098245	0.0	1.9710530468696963	1.9795833836380279	1.9710530468696963	0.0
0.0	0.011878393280946732	0.2655987168333948	0.011878393280946732	0.0	0.11754241057246863	0.2655987168333948	0.11754241057246863	0.0
0.0	-0.013767652541485341	0.7269923924982091	-0.013767652541485341	0.0	0.5824809549801528	0.7269923924982091	0.5824809549801528	0.0
0.0	-0.027150222718998092	0.6420357047512086	-0.027150222718998092	0.0	0.6385997506539697	0.6420357047512086	0.6385997506539697	0.0
0.0	0.05020010853958718	0.09406453850174476	0.05020010853958718	0.0	0.05112315601252423	0.09406453850174476	0.05112315601252423	0.0
0.0	0.004401247769379093	1.9153596121188163	0.004401247769379093	0.0	2.3475150711007986	1.9153596121188163	2.3475150711007986	0.0
0.0	-0.013013171396969224	0.15728445867453106	-0.013013171396969224	0.0	0.2425989505733313	0.15728445867453106	0.2425989505733313	0.0
0.0	-0.04393929738349036	0.14616651486693846	-0.04393929738349036	0.0	0.05653759465141153	0.14616651486693846	0.05653759465141153	0.0
0.0	-0.028840744403616787	0.9499705043324986	-0.028840744403616787	0.0	0.7216990425154421	0.9499705043324986	0.7216990425154421	0.0
0.0	0.006417756260397245	1.4039667012894324	0.006417756260397245	0.0	0.7706893701438366	1.4039667012894324	0.7706893701438366	0.0
0.0	-0.02547967696982481	0.8697168678453726	-0.02547967696982481	0.0	0.8114715939190273	0.8697168678453726	0.8114715939190273	0.0
0.0	0.0009803138909514827	0.9835625142028741	0.0009803138909514827	0.0	0.959012307810293	0.9835625142028741	0.959012307810293	0.0
0.0	-0.044089669912751775	0.035872342828354796	-0.044089669912751775	0.0	0.004308687185362914	0.035872342828354796	0.004308687185362914	0.0
0.0	0.005071145255345141	2.425077147724485	0.005071145255345141	0.0	1.7771672619194863	2.425077147724485	1.7771672619194863	0.0
0.0	-0.034707661086918626	1.1666655164883462	-0.034707661086918626	0.0	0.8568506951440816	1.1666655164883462	0.8568506951440816	0.0
0.0	0.04061535064467713	0.29003277617196754	0.04061535064467713	0.0	0.6027464309993572	0.29003277617196754	0.6027464309993572	0.0
0.0	0.01795858047498894	0.04688695582439067	0.01795858047498894	0.0	0.00856264741620894	0.04688695582439067	0.00856264741620894	0.0
0.0	-0.015346770295359637	0.08345395203633243	-0.015346770295359637	0.0	-0.019401940759491722	0.08345395203633243	-0.019401940759491722	0.0
0.0	-0.003769012882883311	0.4318480359361832	-0.003769012882883311	0.0	0.34816174783129167	0.4318480359361832	0.34816174783129167	0.0
0.0	0.019921821765744148	0.14354297646851386	0.019921821765744148	0.0	0.22949896078407464	0.14354297646851386	0.22949896078407464	0.0
0.0	0.062464007721615096	0.1715023444592925	0.062464007721615096	0.0	0.2117692013755467	0.1715023444592925	0.2117692013755467	0.0
0.0	0.00909372946750018	0.7374526216828914	0.00909372946750018	0.0	0.28670378505386324	0.7374526216828914	0.28670378505386324	0.0
0.0	-0.03679633511548465	0.9079470758633968	-0.03679633511548465	0.0	0.9560691025221331	0.9079470758633968	0.9560691025221331	0.0
0.0	-0.003700281349441896	1.1219187704632767	-0.003700281349441896	0.0	0.5020523408291042	1.1219187704632767	0.5020523408291042	0.0
0.0	-0.02907236739151118	0.29117511375170796	-0.02907236739151118	0.0	0.21994482758621597	0.29117511375170796	0.21994482758621597	0.0
0.0	0.008503060440022244	0.8328895527271638	0.008503060440022244	0.0	0.7777234978016151	0.8328895527271638	0.7777234978016151	0.0
0.0	-0.03440973472112875	0.7177625790076806	-0.03440973472112875	0.0	0.6019448261282772	0.7177625790076806	0.6019448261282772	0.0
0.0	0.001591939090273852	2.0105579948265437	0.001591939090273852	0.0	2.0938988695119716	2.0105579948265437	2.0938988695119716	0.0
0.0	-0.022398528360905643	0.23936254933231801	-0.022398528360905643	0.0	0.29786834444550564	0.23936254933231801	0.29786834444550564	0.0
0.0	0.006210099155436486	0.3074717331775228	0.006210099155436486	0.0	0.3331569325507694	0.3074717331775228	0.3331569325507694	0.0
0.0	0.3266725607575124	0.14006264783797476	0.3266725607575124	0.0	0.0002441406250158768	0.14006264783797476	0.0002441406250158768	0.0
0.0	0.020963746867287192	2.086225003700589	0.020963746867287192	0.0	3.0162659123054407	2.086225003700589	3.0162659123054407	0.0
0.0	-0.007886718661970656	0.1810244252245069	-0.007886718661970656	0.0	-0.010412423625230694	0.1810244252245069	-0.010412423625230694	0.0
0.0	0.002067706677405437	0.23023544299583265	0.002067706677405437	0.0	0.1558372952985186	0.23023544299583265	0.1558372952985186	0.0
0.0	0.024533484227969797	0.18115654837924053	0.024533484227969797	0.0	-0.0003409877990063747	0.18115654837924053	-0.0003409877990063747	0.0
0.0	0.0009005765823421565	0.3592670846985484	0.0009005765823421565	0.0	0.16103851640514485	0.3592670846985484	0.16103851640514485	0.0
0.0	0.0410700827241011	0.6960142111423498	0.0410700827241011	0.0	0.2232574070902641	0.6960142111423498	0.2232574070902641	0.0
0.0	-0.0017640423785983128	0.24922165059518084	-0.0017640423785983128	0.0	0.23255975541970642	0.24922165059518084	0.23255975541970642	0.0
0.0	0.16785213511205946	1.5257103092450859	0.16785213511205946	0.0	0.3527090963391265	1.5257103092450859	0.3527090963391265	0.0
0.0	0.31670391700897016	0.714827484464831	0.31670391700897016	0.0	0.26584831967041905	0.714827484464831	0.26584831967041905	0.0
0.0	-0.0057684195225769525	0.5100487189989661	-0.0057684195225769525	0.0	0.2687621241512034	0.5100487189989661	0.2687621241512034	0.0
0.0	0.02735520520913676	0.22739793289800056	0.02735520520913676	0.0	0.29800922596599566	0.22739793289800056	0.29800922596599566	0.0
0.0	0.022381331226616816	0.42981390844838674	0.022381331226616816	0.0	0.17877542839963648	0.42981390844838674	0.17877542839963648	0.0
0.0	0.11329170789519581	0.6166317660847391	0.11329170789519581	0.0	0.09385586363144256	0.6166317660847391	0.09385586363144256	0.0
0.0	-0.015241910375345976	0.1827380838562591	-0.015241910375345976	0.0	0.2029021272395364	0.1827380838562591	0.2029021272395364	0.0
0.0	0.02203048558554286	0.2241963987128552	0.02203048558554286	0.0	0.053773276706909415	0.2241963987128552	0.053773276706909415	0.0
0.0	0.041246804718716806	0.2336407066075686	0.041246804718716806	0.0	0.22133270543913167	0.2336407066075686	0.22133270543913167	0.0
0.0	-0.03613051939194151	0.4803146030374772	-0.03613051939194151	0.0	0.5755244431408968	0.4803146030374772	0.5755244431408968	0.0
0.0	-0.006622334354142682	0.5767138955786693	-0.006622334354142682	0.0	0.49079491681796716	0.5767138955786693	0.49079491681796716	0.0
0.0	0.025254910991545122	0.8309087175882028	0.025254910991545122	0.0	0.5364757897739524	0.8309087175882028	0.5364757897739524	0.0
0.0	0.06058035875360508	1.0988855280583536	0.06058035875360508	0.0	1.0801998422298138	1.0988855280583536	1.0801998422298138	0.0
0.0	-0.008689233838137377	0.31472307861860316	-0.008689233838137377	0.0	0.14420585625556523	0.31472307861860316	0.14420585625556523	0.0
0.0	-0.02870811942759557	0.3620211721702208	-0.02870811942759557	0.0	0.260731644921988	0.3620211721702208	0.260731644921988	0.0
0.0	0.04361595599328306	0.34264545854460593	0.04361595599328306	0.0	0.5040297153716621	0.34264545854460593	0.5040297153716621	0.0
0.0	-0.017358861441457388	0.18451794408324848	-0.017358861441457388	0.0	0.1506487006737329	0.18451794408324848	0.1506487006737329	0.0
0.0	0.02113070855139876	0.9083141804499302	0.02113070855139876	0.0	0.3681192142695897	0.9083141804499302	0.3681192142695897	0.0
0.0	0.09303287240969922	0.38423235013303947	0.09303287240969922	0.0	-0.0022052847761001877	0.38423235013303947	-0.0022052847761001877	0.0
0.0	-0.013759149083475947	0.6345640100791139	-0.013759149083475947	0.0	0.7661025674023609	0.6345640100791139	0.7661025674023609	0.0
0.0	-0.03530852500499355	0.8886858073429867	-0.03530852500499355	0.0	0.8803620512536128	0.8886858073429867	0.8803620512536128	0.0
0.0	0.08001175797534953	0.26211002224207136	0.08001175797534953	0.0	0.03880497408406224	0.26211002224207136	0.03880497408406224	0.0
0.0	-0.01868603827982298	0.51445067854294	-0.01868603827982298	0.0	0.24713328369322998	0.51445067854294	0.24713328369322998	0.0
0.0	-0.01568161865251776	0.9231488593176603	-0.01568161865251776	0.0	0.9848904022132189	0.9231488593176603	0.9848904022132189	0.0
0.0	0.09909487634702127	0.7341558095075611	0.09909487634702127	0.0	0.4314735129271713	0.7341558095075611	0.4314735129271713	0.0
0.0	-0.03153876027753731	0.19256294032342483	-0.03153876027753731	0.0	0.08310173341782841	0.19256294032342483	0.08310173341782841	0.0
0.0	-0.013243134067808922	0.14113953920909503	-0.013243134067808922	0.0	0.03539191221425361	0.14113953920909503	0.03539191221425361	0.0
0.0	-0.042724970676255684	0.791782744614332	-0.042724970676255684	0.0	0.7911092817452526	0.791782744614332	0.7911092817452526	0.0
0.0	-0.014069897576995552	0.5056589861985626	-0.014069897576995552	0.0	0.4873464132777023	0.5056589861985626	0.4873464132777023	0.0
0.0	0.06040231451015695	1.3180632553118807	0.06040231451015695	0.0	3.123579330201457	1.3180632553118807	3.123579330201457	0.0
0.0	-0.040421024242301797	0.2591492082709864	-0.040421024242301797	0.0	0.18537790219003467	0.2591492082709864	0.18537790219003467	0.0
0.0	-0.0006489514771749615	0.1536893180503629	-0.0006489514771749615	0.0	0.14425491491817505	0.1536893180503629	0.14425491491817505	0.0
0.0	-0.043578224600715296	0.05748009102112245	-0.043578224600715296	0.0	0.07119939777013258	0.05748009102112245	0.07119939777013258	0.0
0.0	0.01805978138275766	0.8152772239629428	0.01805978138275766	0.0	0.4670835437138564	0.8152772239629428	0.4670835437138564	0.0
0.0	0.022226416218511583	0.5353059062143164	0.022226416218511583	0.0	0.5027477952944156	0.5353059062143164	0.5027477952944156	0.0
0.0	-0.017262674882186208	0.461360886999326	-0.017262674882186208	0.0	0.5571795978899604	0.461360886999326	0.5571795978899604	0.0
0.0	0.10859941930113091	0.5538099911477833	0.10859941930113091	0.0	0.6853092873934005	0.5538099911477833	0.6853092873934005	0.0
0.0	0.0399547459160795	0.4022102534651549	0.0399547459160795	0.0	0.3388791454081521	0.4022102534651549	0.3388791454081521	0.0
0.0	0.055913651872367534	0.805757733395561	0.055913651872367534	0.0	0.4168737574552375	0.805757733395561	0.4168737574552375	0.0
0.0	0.23979262376708582	0.08398943103402953	0.23979262376708582	0.0	0.539403938931799	0.08398943103402953	0.539403938931799	0.0
0.0	0.08442224928047518	0.39622229414235605	0.08442224928047518	0.0	0.2942282458253224	0.39622229414235605	0.2942282458253224	0.0
0.0	-0.009111031705671725	0.057295962861918	-0.009111031705671725	0.0	0.07785551513212928	0.057295962861918	0.07785551513212928	0.0
0.0	0.06141374233080493	0.22258665930026567	0.06141374233080493	0.0	0.5979456915548125	0.22258665930026567	0.5979456915548125	0.0
0.0	-0.014722556272945646	0.7406368540925203	-0.014722556272945646	0.0	0.4402471755820083	0.7406368540925203	0.4402471755820083	0.0
0.0	0.04380073014474632	2.877700685537289	0.04380073014474632	0.0	2.1220648350604416	2.877700685537289	2.1220648350604416	0.0
0.0	0.007818440041889117	0.5016662415350807	0.007818440041889117	0.0	0.6330189590240572	0.5016662415350807	0.6330189590240572	0.0
0.0	0.0019676610933744335	0.9671053423932188	0.0019676610933744335	0.0	1.0665939378716907	0.9671053423932188	1.0665939378716907	0.0
0.0	0.13382902934050867	0.09096025667453676	0.13382902934050867	0.0	0.24743101017347505	0.09096025667453676	0.24743101017347505	0.0
0.0	0.05391564917386292	0.2967338845369876	0.05391564917386292	0.0	0.06485834207762646	0.2967338845369876	0.06485834207762646	0.0
0.0	-0.03797535295912188	0.0794086101043068	-0.03797535295912188	0.0	0.012700538709241318	0.0794086101043068	0.012700538709241318	0.0
0.0	-0.03314938607459989	0.12368771301892086	-0.03314938607459989	0.0	0.07654372409773715	0.12368771301892086	0.07654372409773715	0.0
0.0	-0.029581429760601696	0.9081055718475212	-0.029581429760601696	0.0	1.1544566893162915	0.9081055718475212	1.1544566893162915	0.0
0.0	0.04525810386970404	0.17906528947336858	0.04525810386970404	0.0	0.1050855594801171	0.17906528947336858	0.1050855594801171	0.0
0.0	0.14402177310024245	0.4370134878240546	0.14402177310024245	0.0	0.7483016983016506	0.4370134878240546	0.7483016983016506	0.0
0.0	-0.01521561207340321	0.4451154452550598	-0.01521561207340321	0.0	0.37933425797507486	0.4451154452550598	0.37933425797507486	0.0
0.0	0.0005197705425179829	0.37851285058314554	0.0005197705425179829	0.0	0.6338505623344416	0.37851285058314554	0.6338505623344416	0.0
0.0	0.11705254163459787	3.020443191222009	0.11705254163459787	0.0	1.724292123262473	3.020443191222009	1.724292123262473	0.0
0.0	-0.008570364157266466	0.3600885141337434	-0.008570364157266466	0.0	0.12147863425902217	0.3600885141337434	0.12147863425902217	0.0
0.0	-0.027311117838497025	0.14076442338615672	-0.027311117838497025	0.0	0.09002226610091393	0.14076442338615672	0.09002226610091393	0.0
0.0	-0.020793626385498983	0.8151868220168752	-0.020793626385498983	0.0	0.8109179983670115	0.8151868220168752	0.8109179983670115	0.0
0.0	-0.004086660339186864	0.7879191815503275	-0.004086660339186864	0.0	0.8707160168755611	0.7879191815503275	0.8707160168755611	0.0
0.0	0.08844376006002164	0.911638063916366	0.08844376006002164	0.0	0.3704999663549124	0.911638063916366	0.3704999663549124	0.0
0.0	0.14338558729126835	0.8092820599349169	0.14338558729126835	0.0	0.3816297534475428	0.8092820599349169	0.3816297534475428	0.0
0.0	0.001647209054815533	0.19964972753257598	0.001647209054815533	0.0	0.03946000799532407	0.19964972753257598	0.03946000799532407	0.0
0.0	0.0035735331995025775	0.2287343251732617	0.0035735331995025775	0.0	0.26793706455028093	0.2287343251732617	0.26793706455028093	0.0
0.0	0.06892898728619942	0.31393870759734277	0.06892898728619942	0.0	0.8833500316924441	0.31393870759734277	0.8833500316924441	0.0
0.0	0.10577579545161289	0.3611069889963424	0.10577579545161289	0.0	0.5728203708829268	0.3611069889963424	0.5728203708829268	0.0
0.0	-0.018300472048902592	0.8024398808363248	-0.018300472048902592	0.0	0.5847752314717589	0.8024398808363248	0.5847752314717589	0.0
0.0	0.009824838114492874	0.7206454962181581	0.009824838114492874	0.0	0.37140175219017174	0.7206454962181581	0.37140175219017174	0.0
0.0	0.06202495295264532	0.24089072305368836	0.06202495295264532	0.0	0.02464950104718622	0.24089072305368836	0.02464950104718622	0.0
0.0	0.04052989660757875	0.23947915328559172	0.04052989660757875	0.0	0.5020937188435016	0.23947915328559172	0.5020937188435016	0.0
0.0	-0.027427984689493177	1.873959717195773	-0.027427984689493177	0.0	1.146670823119214	1.873959717195773	1.146670823119214	0.0
0.0	0.0220564788015587	0.09101408956109251	0.0220564788015587	0.0	-0.011510164267830502	0.09101408956109251	-0.011510164267830502	0.0
0.0	0.061070345445278555	0.0676584468468246	0.061070345445278555	0.0	-0.047581216136689836	0.0676584468468246	-0.047581216136689836	0.0
0.0	0.005452618245894963	1.257259260905475	0.005452618245894963	0.0	0.583633759691845	1.257259260905475	0.583633759691845	0.0
0.0	0.08303146657925695	0.41460499538692225	0.08303146657925695	0.0	0.005905336012497988	0.41460499538692225	0.005905336012497988	0.0
0.0	-0.04000493414983896	3.230202027761589	-0.04000493414983896	0.0	3.0325360170947064	3.230202027761589	3.0325360170947064	0.0
0.0	0.059103230181778	0.8538909243701022	0.059103230181778	0.0	0.4894573389995844	0.8538909243701022	0.4894573389995844	0.0
0.0	0.020875694086250705	0.21185366286364693	0.020875694086250705	0.0	0.0020668890877818405	0.21185366286364693	0.0020668890877818405	0.0
0.0	0.11107306100223374	1.076793814679793	0.11107306100223374	0.0	0.2696327963965885	1.076793814679793	0.2696327963965885	0.0
0.0	0.005672687209717979	0.9032330166999682	0.005672687209717979	0.0	1.3277433301097883	0.9032330166999682	1.3277433301097883	0.0
0.0	0.03048154354308545	0.3291279348835972	0.03048154354308545	0.0	0.5239725756579601	0.3291279348835972	0.5239725756579601	0.0
0.0	0.14718366651305648	0.510130052661022	0.14718366651305648	0.0	0.7576340281516936	0.510130052661022	0.7576340281516936	0.0
0.0	0.07757006256418413	0.14701288676214377	0.07757006256418413	0.0	0.09496621529946357	0.14701288676214377	0.09496621529946357	0.0
0.0	-0.04637772452099016	0.12299450526654095	-0.04637772452099016	0.0	0.06832194254163083	0.12299450526654095	0.06832194254163083	0.0
0.0	0.023147823168881494	0.07817696944909601	0.023147823168881494	0.0	0.1691137340519846	0.07817696944909601	0.1691137340519846	0.0
0.0	-0.021980833701079255	0.21206359770084163	-0.021980833701079255	0.0	0.18705422744705322	0.21206359770084163	0.18705422744705322	0.0
0.0	0.0005149606130565617	0.023700092225761877	0.0005149606130565617	0.0	-0.044783144445278276	0.023700092225761877	-0.044783144445278276	0.0
0.0	0.007771765372785303	4.60316073456874	0.007771765372785303	0.0	1.972982377141156	4.60316073456874	1.972982377141156	0.0
0.0	-0.005042735301676041	0.4264770187985939	-0.005042735301676041	0.0	0.7666405036118975	0.4264770187985939	0.7666405036118975	0.0
0.0	-0.01616044259849348	0.1642604451459141	-0.01616044259849348	0.0	0.10494182188206357	0.1642604451459141	0.10494182188206357	0.0
0.0	0.02322854145659392	0.074328418779267	0.02322854145659392	0.0	0.22367230554104317	0.074328418779267	0.22367230554104317	0.0
0.0	-0.007106379839730317	1.2376553232042178	-0.007106379839730317	0.0	1.28892032666707	1.2376553232042178	1.28892032666707	0.0
0.0	-0.005833381757298596	0.3921573570662602	-0.005833381757298596	0.0	0.170449757822697	0.3921573570662602	0.170449757822697	0.0
0.0	-0.008687857148112346	1.1430094300263156	-0.008687857148112346	0.0	1.5753247779914517	1.1430094300263156	1.5753247779914517	0.0
0.0	0.11187398095517388	0.20405549401055567	0.11187398095517388	0.0	0.17468675654242563	0.20405549401055567	0.17468675654242563	0.0
0.0	-0.0023977327441521354	0.275832489966948	-0.0023977327441521354	0.0	0.08847197966560394	0.275832489966948	0.08847197966560394	0.0
0.0	0.07346187373168106	0.43938110011337955	0.07346187373168106	0.0	1.0017898235743596	0.43938110011337955	1.0017898235743596	0.0
0.0	0.20968622466794365	0.6593356816885212	0.20968622466794365	0.0	1.9261836076700778	0.6593356816885212	1.9261836076700778	0.0
0.0	-0.0047197053697220145	1.567990403290127	-0.0047197053697220145	0.0	1.1282072157992555	1.567990403290127	1.1282072157992555	0.0
0.0	0.052630918118378354	0.3155412305436957	0.052630918118378354	0.0	0.6235679310954461	0.3155412305436957	0.6235679310954461	0.0
0.0	0.001051791005035726	0.4877449125954744	0.001051791005035726	0.0	0.18223147905486098	0.4877449125954744	0.18223147905486098	0.0
0.0	0.03337935615967409	0.2967149969942062	0.03337935615967409	0.0	0.353695626547204	0.2967149969942062	0.353695626547204	0.0
0.0	0.08013209997151148	0.5021171192837558	0.08013209997151148	0.0	0.10582494553180366	0.5021171192837558	0.10582494553180366	0.0
0.0	0.06782673945178097	0.7730625454226032	0.06782673945178097	0.0	0.23047418009576195	0.7730625454226032	0.23047418009576195	0.0
0.0	-0.012225545673337085	0.5196696233875245	-0.012225545673337085	0.0	0.48036453499871135	0.5196696233875245	0.48036453499871135	0.0
0.0	0.020144937832994713	0.43047714584785307	0.020144937832994713	0.0	0.8287833237801895	0.43047714584785307	0.8287833237801895	0.0
0.0	0.08710988649226548	0.3257106755628205	0.08710988649226548	0.0	0.3019149045107495	0.3257106755628205	0.3019149045107495	0.0
0.0	0.0030725921207145784	0.0885707961839199	0.0030725921207145784	0.0	0.0003126998791581496	0.0885707961839199	0.0003126998791581496	0.0
0.0	-0.03072111895568766	0.8110270812986885	-0.03072111895568766	0.0	0.7788137931034214	0.8110270812986885	0.7788137931034214	0.0
0.0	-0.03408609277707993	0.5673746926309778	-0.03408609277707993	0.0	0.437041054739609	0.5673746926309778	0.437041054739609	0.0
0.0	0.02818367873768884	0.035552532599677465	0.02818367873768884	0.0	0.02050732109715673	0.035552532599677465	0.02050732109715673	0.0
0.0	-0.0296253668056424	0.30645700423724037	-0.0296253668056424	0.0	0.26668579862247915	0.30645700423724037	0.26668579862247915	0.0
0.0	-0.02582300734396919	0.15246883310584378	-0.02582300734396919	0.0	0.17979785121441053	0.15246883310584378	0.17979785121441053	0.0
0.0	-0.02032364593292295	2.2220561854127614	-0.02032364593292295	0.0	1.452841416245022	2.2220561854127614	1.452841416245022	0.0
0.0	-0.032216703655927624	0.488328859525129	-0.032216703655927624	0.0	0.3956670467502806	0.488328859525129	0.3956670467502806	0.0
0.0	0.07452804602568208	0.25789606520470565	0.07452804602568208	0.0	0.39920374707261425	0.25789606520470565	0.39920374707261425	0.0
0.0	0.011178806648253686	1.135782019813145	0.011178806648253686	0.0	1.112465181058433	1.135782019813145	1.112465181058433	0.0
0.0	-0.02010098392727055	0.19658736194551452	-0.02010098392727055	0.0	0.23884557398232675	0.19658736194551452	0.23884557398232675	0.0
0.0	0.11499742764003135	0.18547382948497346	0.11499742764003135	0.0	0.1723895189675568	0.18547382948497346	0.1723895189675568	0.0
0.0	0.01763092145554796	0.4125662763262132	0.01763092145554796	0.0	0.658616488425544	0.4125662763262132	0.658616488425544	0.0
0.0	0.019938444828529675	0.39052807729431077	0.019938444828529675	0.0	0.3878930010992815	0.39052807729431077	0.3878930010992815	0.0
0.0	0.01959337451013334	0.3189071255449885	0.01959337451013334	0.0	0.37182806149497966	0.3189071255449885	0.37182806149497966	0.0
0.0	-0.020528120386927924	0.34059017223908955	-0.020528120386927924	0.0	0.41700779083589457	0.34059017223908955	0.41700779083589457	0.0
0.0	0.01249088599128378	0.3588315486594345	0.01249088599128378	0.0	0.15759753593428003	0.3588315486594345	0.15759753593428003	0.0
0.0	0.008338901711102823	0.282005645465033	0.008338901711102823	0.0	0.10417205120182786	0.282005645465033	0.10417205120182786	0.0
0.0	-0.009962415746100954	-0.0017885511572627182	-0.009962415746100954	0.0	0.03087298730967091	-0.0017885511572627182	0.03087298730967091	0.0
0.0	-0.02016454795870105	0.7212126808463325	-0.02016454795870105	0.0	0.547766511372926	0.7212126808463325	0.547766511372926	0.0
0.0	-0.027067187952269454	0.7609713090291402	-0.027067187952269454	0.0	0.4467074384866426	0.7609713090291402	0.4467074384866426	0.0
0.0	0.18346301850061406	0.6808101602411007	0.18346301850061406	0.0	0.16249499131828649	0.6808101602411007	0.16249499131828649	0.0
0.0	0.07767331100179141	0.11411121711769924	0.07767331100179141	0.0	0.1969387359691978	0.11411121711769924	0.1969387359691978	0.0
0.0	-0.026671638645376743	0.8171020609470894	-0.026671638645376743	0.0	0.7272176992221565	0.8171020609470894	0.7272176992221565	0.0
0.0	-0.0011010472071312503	0.24813476143890476	-0.0011010472071312503	0.0	0.3469847660827829	0.24813476143890476	0.3469847660827829	0.0
0.0	0.018543402961192564	0.8246606671671485	0.018543402961192564	0.0	0.5997974920165114	0.8246606671671485	0.5997974920165114	0.0
0.0	0.015272846774606837	0.4560780143871622	0.015272846774606837	0.0	0.3548227535037065	0.4560780143871622	0.3548227535037065	0.0
0.0	0.05812204363127549	0.17698346301000584	0.05812204363127549	0.0	0.27500619067268617	0.17698346301000584	0.27500619067268617	0.0
0.0	0.0684170911461125	0.21316239047415042	0.0684170911461125	0.0	0.04037911903159809	0.21316239047415042	0.04037911903159809	0.0
0.0	-0.038207028531216485	0.5451349340404785	-0.038207028531216485	0.0	0.35807331712880913	0.5451349340404785	0.35807331712880913	0.0
0.0	0.29027215011483104	0.36740538239118264	0.29027215011483104	0.0	0.9057998586724435	0.36740538239118264	0.9057998586724435	0.0
0.0	-0.011795194480507722	0.23691544356879932	-0.011795194480507722	0.0	0.07745036044012311	0.23691544356879932	0.07745036044012311	0.0
0.0	0.08921026104568444	0.43765982396130954	0.08921026104568444	0.0	1.1852841836483599	0.43765982396130954	1.1852841836483599	0.0
0.0	0.030050300185773843	0.30973767781321737	0.030050300185773843	0.0	0.42942348124379853	0.30973767781321737	0.42942348124379853	0.0
0.0	-0.012941291300713696	3.5300642107770774	-0.012941291300713696	0.0	4.89381890166902	3.5300642107770774	4.89381890166902	0.0
0.0	0.01375146237129699	0.6000546094999901	0.01375146237129699	0.0	0.4482774015923887	0.6000546094999901	0.4482774015923887	0.0
0.0	-0.03265522008543311	0.8950039832551658	-0.03265522008543311	0.0	0.7185350719229078	0.8950039832551658	0.7185350719229078	0.0
0.0	0.040919598956478495	0.12765262707323818	0.040919598956478495	0.0	0.025534189819032643	0.12765262707323818	0.025534189819032643	0.0
0.0	-0.02637109514134256	0.8149553975896343	-0.02637109514134256	0.0	0.6552026928143091	0.8149553975896343	0.6552026928143091	0.0
0.0	0.022259790996756488	0.8210755934886583	0.022259790996756488	0.0	0.712197472692247	0.8210755934886583	0.712197472692247	0.0
0.0	-0.039531123343952396	0.3085432177342179	-0.039531123343952396	0.0	0.17754669331640538	0.3085432177342179	0.17754669331640538	0.0
0.0	0.008804759938443318	0.24410681014963076	0.008804759938443318	0.0	0.19641459954430693	0.24410681014963076	0.19641459954430693	0.0
0.0	-0.0075309925237085	0.5685988185986294	-0.0075309925237085	0.0	0.7225911508815751	0.5685988185986294	0.7225911508815751	0.0
0.0	-0.004793230481357877	0.2638083492855482	-0.004793230481357877	0.0	0.25128547579301647	0.2638083492855482	0.25128547579301647	0.0
0.0	0.1355336057810913	0.3532252456172087	0.1355336057810913	0.0	0.14716041699082544	0.3532252456172087	0.14716041699082544	0.0
0.0	-0.026088518643474223	0.9070905003168885	-0.026088518643474223	0.0	1.1122336361320038	0.9070905003168885	1.1122336361320038	0.0
0.0	0.03819674153236042	0.5584083456060493	0.03819674153236042	0.0	0.3421114141020673	0.5584083456060493	0.3421114141020673	0.0
0.0	-0.001431122685059957	0.5738508976124317	-0.001431122685059957	0.0	0.8306339526308244	0.5738508976124317	0.8306339526308244	0.0
0.0	0.022498424803102046	2.3417848554842773	0.022498424803102046	0.0	4.404160342210701	2.3417848554842773	4.404160342210701	0.0
0.0	0.006685687162961198	0.14021944170167883	0.006685687162961198	0.0	0.1315965909090609	0.14021944170167883	0.1315965909090609	0.0
0.0	0.009021847460526878	0.15516203729071787	0.009021847460526878	0.0	0.31641394249703997	0.15516203729071787	0.31641394249703997	0.0
0.0	0.024280543875733415	0.2001655792748155	0.024280543875733415	0.0	0.3737911832946917	0.2001655792748155	0.3737911832946917	0.0
0.0	-0.033368552888514806	0.9108378454103555	-0.033368552888514806	0.0	0.7913828199213864	0.9108378454103555	0.7913828199213864	0.0
0.0	-0.02229348340258304	1.6848611065329064	-0.02229348340258304	0.0	1.4013287401574828	1.6848611065329064	1.4013287401574828	0.0
0.0	0.14970749385439303	0.9000151033823558	0.14970749385439303	0.0	1.1284042553191331	0.9000151033823558	1.1284042553191331	0.0
0.0	0.5348553495280015	0.6022324113462347	0.5348553495280015	0.0	5.168713659083765	0.6022324113462347	5.168713659083765	0.0
0.0	0.015906767165671014	0.09945461889474191	0.015906767165671014	0.0	0.21734671077357118	0.09945461889474191	0.21734671077357118	0.0
0.0	0.0628520332256674	2.3651868349468974	0.0628520332256674	0.0	1.0903798503693125	2.3651868349468974	1.0903798503693125	0.0
0.0	0.13144456195501167	0.15608974523005553	0.13144456195501167	0.0	0.0338336678593133	0.15608974523005553	0.0338336678593133	0.0
0.0	0.05007748094617414	0.661392386849542	0.05007748094617414	0.0	1.1510046151694575	0.661392386849542	1.1510046151694575	0.0
0.0	-0.015567812402854422	2.4768825350181647	-0.015567812402854422	0.0	3.4307424257090244	2.4768825350181647	3.4307424257090244	0.0
0.0	-0.016625792843678502	0.27341191000249593	-0.016625792843678502	0.0	0.30543551654291595	0.27341191000249593	0.30543551654291595	0.0
0.0	0.03901693166076639	0.32333055101115915	0.03901693166076639	0.0	0.3982796251123165	0.32333055101115915	0.3982796251123165	0.0
0.0	0.074611864982568	0.3118464407491494	0.074611864982568	0.0	0.13346469183629353	0.3118464407491494	0.13346469183629353	0.0
0.0	-0.0037739376770704798	1.7661532266609454	-0.0037739376770704798	0.0	1.1463542034305532	1.7661532266609454	1.1463542034305532	0.0
0.0	-0.019923385784978716	0.3242029940975237	-0.019923385784978716	0.0	0.4209657170449376	0.3242029940975237	0.4209657170449376	0.0
0.0	-0.018203833281121996	0.37491860524453546	-0.018203833281121996	0.0	0.3634091392135735	0.37491860524453546	0.3634091392135735	0.0
0.0	-0.0031109996530827074	1.1579323910400015	-0.0031109996530827074	0.0	1.0184190496900263	1.1579323910400015	1.0184190496900263	0.0
0.0	0.4315789402465428	2.8956834918271004	0.4315789402465428	0.0	2.7019148415514183	2.8956834918271004	2.7019148415514183	0.0
0.0	0.0255087812721973	0.3093185203757415	0.0255087812721973	0.0	0.27752550569091555	0.3093185203757415	0.27752550569091555	0.0
0.0	-0.026244413125214503	0.07845264757990666	-0.026244413125214503	0.0	0.027128157156170687	0.07845264757990666	0.027128157156170687	0.0
0.0	0.03112109736242325	0.5585750480801642	0.03112109736242325	0.0	0.13302923347750237	0.5585750480801642	0.13302923347750237	0.0
0.0	-0.0012759689433548523	0.6801143989167123	-0.0012759689433548523	0.0	0.5434256892144003	0.6801143989167123	0.5434256892144003	0.0
0.0	0.05017924600751745	0.33932139277748885	0.05017924600751745	0.0	0.645921809882926	0.33932139277748885	0.645921809882926	0.0
0.0	-0.019870388833499945	0.015482096979227002	-0.019870388833499945	0.0	9.105663185383496e-05	0.015482096979227002	9.105663185383496e-05	0.0
0.0	0.023609653317121622	1.1591223374543076	0.023609653317121622	0.0	0.5986605981794642	1.1591223374543076	0.5986605981794642	0.0
0.0	-0.03893815787042106	0.1854600758768637	-0.03893815787042106	0.0	0.13021294319780496	0.1854600758768637	0.13021294319780496	0.0
0.0	0.05313716582937897	0.7319072539194764	0.05313716582937897	0.0	0.1917393327533049	0.7319072539194764	0.1917393327533049	0.0
0.0	0.061661624218283195	1.3325493264562582	0.061661624218283195	0.0	1.451389307455834	1.3325493264562582	1.451389307455834	0.0
0.0	-0.03385678415528357	1.1350930661135692	-0.03385678415528357	0.0	1.0652071462233434	1.1350930661135692	1.0652071462233434	0.0
0.0	0.06040462536382207	0.6163329816410474	0.06040462536382207	0.0	0.35845595728202245	0.6163329816410474	0.35845595728202245	0.0
0.0	0.0045933406730378264	0.1585609466309099	0.0045933406730378264	0.0	0.16789856192980834	0.1585609466309099	0.16789856192980834	0.0
0.0	-0.021306572148783863	1.3095347278075604	-0.021306572148783863	0.0	0.9154960286559906	1.3095347278075604	0.9154960286559906	0.0
0.0	0.1178892689822179	0.40648361291892	0.1178892689822179	0.0	0.11391933063526549	0.40648361291892	0.11391933063526549	0.0
0.0	-0.032727914811504465	0.6728289574815183	-0.032727914811504465	0.0	0.4626793982591329	0.6728289574815183	0.4626793982591329	0.0
0.0	0.04129632176541565	0.09669621682495533	0.04129632176541565	0.0	0.2895549778252923	0.09669621682495533	0.2895549778252923	0.0
0.0	-0.011865590259232926	0.010178261573344448	-0.011865590259232926	0.0	0.02256538333011961	0.010178261573344448	0.02256538333011961	0.0
0.0	-0.02514022009037307	1.1139380314045908	-0.02514022009037307	0.0	1.3064413607877652	1.1139380314045908	1.3064413607877652	0.0
0.0	0.022360625408456642	0.45647072760117713	0.022360625408456642	0.0	0.3064225063937813	0.45647072760117713	0.3064225063937813	0.0
0.0	-0.040441163305369725	0.7750175067619042	-0.040441163305369725	0.0	0.8398624276486408	0.7750175067619042	0.8398624276486408	0.0
0.0	0.10454942410876264	0.01121732648232828	0.10454942410876264	0.0	0.14926361078933675	0.01121732648232828	0.14926361078933675	0.0
0.0	0.05122634444502086	1.5876666093410006	0.05122634444502086	0.0	3.0792444976324416	1.5876666093410006	3.0792444976324416	0.0
0.0	-0.02910414848491337	1.0006483066751222	-0.02910414848491337	0.0	1.1849789283564522	1.0006483066751222	1.1849789283564522	0.0
0.0	0.00034065000714789075	2.4399089430921834	0.00034065000714789075	0.0	1.6274625993356557	2.4399089430921834	1.6274625993356557	0.0
0.0	-0.02199308319238147	0.290243701062571	-0.02199308319238147	0.0	0.20601573885152838	0.290243701062571	0.20601573885152838	0.0
0.0	-0.0368663470278351	1.4470538152044738	-0.0368663470278351	0.0	1.3803565752593514	1.4470538152044738	1.3803565752593514	0.0
0.0	0.2629646461193278	0.10704767712586984	0.2629646461193278	0.0	0.2265025821338042	0.10704767712586984	0.2265025821338042	0.0
0.0	0.01595655781664579	1.2454283669360986	0.01595655781664579	0.0	0.662319286373432	1.2454283669360986	0.662319286373432	0.0
0.0	0.013648633612545941	1.1985910366339536	0.013648633612545941	0.0	1.0048299249820405	1.1985910366339536	1.0048299249820405	0.0
0.0	0.08861702127658043	0.43328052539100836	0.08861702127658043	0.0	0.6940048426150071	0.43328052539100836	0.6940048426150071	0.0
0.0	0.007937347994270358	0.27534007720380715	0.007937347994270358	0.0	0.3982258542575419	0.27534007720380715	0.3982258542575419	0.0
0.0	0.05355854705553844	1.4341309084202793	0.05355854705553844	0.0	0.4867084639498474	1.4341309084202793	0.4867084639498474	0.0
0.0	0.034890625007017895	0.0208414073818432	0.034890625007017895	0.0	0.05425942710976827	0.0208414073818432	0.05425942710976827	0.0
0.0	0.021517780504720915	0.13737200959855905	0.021517780504720915	0.0	0.037398910711348	0.13737200959855905	0.037398910711348	0.0
0.0	-0.024828951596813285	0.6432209642143989	-0.024828951596813285	0.0	0.6728150443115408	0.6432209642143989	0.6728150443115408	0.0
0.0	-0.03905834076883812	-0.019481164492789527	-0.03905834076883812	0.0	-0.05368398871264037	-0.019481164492789527	-0.05368398871264037	0.0
0.0	0.0059160017867172015	0.05046958436619139	0.0059160017867172015	0.0	0.0909422492401335	0.05046958436619139	0.0909422492401335	0.0
0.0	0.05871310513507007	0.8457582561538926	0.05871310513507007	0.0	1.8167124313528629	0.8457582561538926	1.8167124313528629	0.0
0.0	-0.016194543949414497	1.4166641437723337	-0.016194543949414497	0.0	0.8578973663549954	1.4166641437723337	0.8578973663549954	0.0
0.0	-0.04218039105945137	0.5062980267779141	-0.04218039105945137	0.0	0.4323382000435295	0.5062980267779141	0.4323382000435295	0.0
0.0	-0.024569997483042907	0.6950850550920374	-0.024569997483042907	0.0	0.6977029493141147	0.6950850550920374	0.6977029493141147	0.0
0.0	0.26523718731639745	1.5861355984530248	0.26523718731639745	0.0	5.5833263157892885	1.5861355984530248	5.5833263157892885	0.0
0.0	-0.007485716240731575	0.3491236873229994	-0.007485716240731575	0.0	0.4163529018603656	0.3491236873229994	0.4163529018603656	0.0
0.0	-0.02229386133896638	1.62968712787435	-0.02229386133896638	0.0	1.4199094843771591	1.62968712787435	1.4199094843771591	0.0
0.0	-0.026816053976004697	1.6626061572959319	-0.026816053976004697	0.0	1.05912315808622	1.6626061572959319	1.05912315808622	0.0
0.0	-0.049075136338283386	0.39115991091118085	-0.049075136338283386	0.0	0.3115707394434383	0.39115991091118085	0.3115707394434383	0.0
0.0	-0.020053178185127713	0.09721008239387965	-0.020053178185127713	0.0	-0.00748977403596995	0.09721008239387965	-0.00748977403596995	0.0
0.0	0.037834863661792485	0.18745889654078568	0.037834863661792485	0.0	0.16916641768748378	0.18745889654078568	0.16916641768748378	0.0
0.0	0.15066335226448907	0.0932707419069726	0.15066335226448907	0.0	0.32367699479026946	0.0932707419069726	0.32367699479026946	0.0
0.0	0.053552435683289476	0.170524549305586	0.053552435683289476	0.0	0.14250534462703374	0.170524549305586	0.14250534462703374	0.0
0.0	0.042212186174869014	0.10051259319226395	0.042212186174869014	0.0	0.31428025346602784	0.10051259319226395	0.31428025346602784	0.0
0.0	-0.03878001022609059	0.6027894703078492	-0.03878001022609059	0.0	0.6541554862571448	0.6027894703078492	0.6541554862571448	0.0
0.0	-0.0301559237097449	0.053547657502838866	-0.0301559237097449	0.0	-0.0388089681860228	0.053547657502838866	-0.0388089681860228	0.0
0.0	0.18019963045715598	0.6570294632888495	0.18019963045715598	0.0	1.6281826754682238	0.6570294632888495	1.6281826754682238	0.0
0.0	-0.02047123785962371	0.37469744644802844	-0.02047123785962371	0.0	0.2936687976902604	0.37469744644802844	0.2936687976902604	0.0
0.0	-0.015796813512684665	0.24083607423080697	-0.015796813512684665	0.0	0.12663452022491214	0.24083607423080697	0.12663452022491214	0.0
0.0	-0.009155708439396145	0.3260575387131669	-0.009155708439396145	0.0	0.4828196194049803	0.3260575387131669	0.4828196194049803	0.0
0.0	0.04451264495260862	0.4184417724817483	0.04451264495260862	0.0	0.25819432354909605	0.4184417724817483	0.25819432354909605	0.0
0.0	0.330707875564684	0.8109771412991925	0.330707875564684	0.0	2.8079536873899285	0.8109771412991925	2.8079536873899285	0.0
0.0	-0.050738927772455276	1.3129380431019062	-0.050738927772455276	0.0	1.1924639118245803	1.3129380431019062	1.1924639118245803	0.0
0.0	0.025575658435043908	1.0446033857857535	0.025575658435043908	0.0	1.5164045731307219	1.0446033857857535	1.5164045731307219	0.0
0.0	0.011984796401818898	1.9982830350565732	0.011984796401818898	0.0	0.9254405191307988	1.9982830350565732	0.9254405191307988	0.0
0.0	-0.03188646366411565	0.6057723651890606	-0.03188646366411565	0.0	0.7653330820691423	0.6057723651890606	0.7653330820691423	0.0
0.0	-0.011132097676288987	0.662547343262973	-0.011132097676288987	0.0	0.6560338897135619	0.662547343262973	0.6560338897135619	0.0
0.0	-0.035134058560515546	0.18737092930897606	-0.035134058560515546	0.0	0.1337037647446326	0.18737092930897606	0.1337037647446326	0.0
0.0	-0.031604561175056826	1.176578039091191	-0.031604561175056826	0.0	0.840840840840779	1.176578039091191	0.840840840840779	0.0
0.0	0.007838410096477368	0.21167542529322161	0.007838410096477368	0.0	0.12897290849616305	0.21167542529322161	0.12897290849616305	0.0
0.0	0.0615297717109694	0.07205381101079497	0.0615297717109694	0.0	-0.0020123744801240047	0.07205381101079497	-0.0020123744801240047	0.0
0.0	0.0019766854606484362	1.0491669353685091	0.0019766854606484362	0.0	0.6908919301557294	1.0491669353685091	0.6908919301557294	0.0
0.0	-0.02589833718717857	1.1971215578882841	-0.02589833718717857	0.0	0.8362308352547099	1.1971215578882841	0.8362308352547099	0.0
0.0	0.015104795016108088	0.8548458852074174	0.015104795016108088	0.0	0.9250814332247896	0.8548458852074174	0.9250814332247896	0.0
